ENSG00000000419.12	0.225378	0.339205	0.435417
ENSG00000001036.13	0.231047	0.754821	0.014132
ENSG00000001084.10	0.200725	0.73523	0.0640449
ENSG00000001629.9	0.202969	0.417288	0.379744
ENSG00000001631.14	0.20615	0.518861	0.274989
ENSG00000002016.16	0.357464	0.274568	0.367968
ENSG00000002330.13	0.263783	0.105241	0.630976
ENSG00000002746.14	0.28329	0.680528	0.0361825
ENSG00000002822.15	0.136999	0.277638	0.585363
ENSG00000002834.17	0.311359	0.463185	0.225456
ENSG00000003147.17	0.238915	0.61616	0.144925
ENSG00000003393.14	0.273476	0.566015	0.160509
ENSG00000003436.14	0.236207	0.75289	0.0109022
ENSG00000003509.15	0.231716	0.506546	0.261738
ENSG00000004455.16	0.156775	0.238808	0.604417
ENSG00000004487.15	0.199714	0.362805	0.437481
ENSG00000004534.14	0.309395	0.273063	0.417542
ENSG00000004660.14	0.284648	0.523535	0.191817
ENSG00000004766.15	0.16288	0.500964	0.336156
ENSG00000004779.9	0.254284	0.248093	0.497623
ENSG00000004864.13	0.203199	0.407098	0.389703
ENSG00000004866.18	0.221068	0.413559	0.365373
ENSG00000004897.11	0.252516	0.426349	0.321135
ENSG00000005020.12	0.222411	0.502488	0.275101
ENSG00000005022.5	0.5103	0.174575	0.315125
ENSG00000005059.15	0.228688	0.162096	0.609216
ENSG00000005108.15	0.219354	0.7593	0.0213461
ENSG00000005175.9	0.296416	0.532786	0.170798
ENSG00000005339.13	0.262346	0.343205	0.394449
ENSG00000005421.8	0.172775	0.817811	0.00941411
ENSG00000005436.13	0.234097	0.617918	0.147986
ENSG00000005469.11	0.199641	0.653212	0.147148
ENSG00000005483.19	0.172258	0.290607	0.537135
ENSG00000005700.14	0.280697	0.550873	0.16843
ENSG00000005801.16	0.248789	0.456348	0.294863
ENSG00000005810.17	0.125873	0.27897	0.595157
ENSG00000005884.17	0.594981	0.381303	0.0237157
ENSG00000005889.15	0.318718	0.419403	0.261878
ENSG00000005893.15	0.330817	0.458482	0.210702
ENSG00000006062.13	0.398426	0.395175	0.206399
ENSG00000006125.16	0.346073	0.42547	0.228457
ENSG00000006327.13	0.436918	0.543515	0.0195677
ENSG00000006451.7	0.182738	0.288055	0.529207
ENSG00000006453.13	0.479134	0.507193	0.0136731
ENSG00000006459.10	0.180982	0.423595	0.395423
ENSG00000006530.15	0.255286	0.622633	0.12208
ENSG00000006534.15	0.423185	0.568168	0.0086469
ENSG00000006576.16	0.130494	0.307457	0.562048
ENSG00000006607.13	0.211776	0.329385	0.458838
ENSG00000006652.13	0.204113	0.592358	0.203528
ENSG00000006695.10	0.266647	0.468193	0.26516
ENSG00000006704.10	0.390907	0.348941	0.260152
ENSG00000006715.15	0.195878	0.42172	0.382402
ENSG00000006744.18	0.373866	0.406851	0.219283
ENSG00000006831.9	0.177171	0.232916	0.589914
ENSG00000007047.14	0.252225	0.287587	0.460189
ENSG00000007080.10	0.30546	0.0981735	0.596366
ENSG00000007168.12	0.347446	0.38149	0.271063
ENSG00000007202.14	0.321379	0.409272	0.269349
ENSG00000007255.10	0.254148	0.374603	0.37125
ENSG00000007341.18	0.379235	0.542836	0.0779285
ENSG00000007392.16	0.275325	0.240188	0.484487
ENSG00000007923.15	0.202846	0.18389	0.613264
ENSG00000007944.14	0.0842875	0.312725	0.602987
ENSG00000008018.8	0.202681	0.442651	0.354668
ENSG00000008083.13	0.274895	0.405247	0.319858
ENSG00000008256.15	0.237669	0.33654	0.425791
ENSG00000008282.8	0.174858	0.20534	0.619801
ENSG00000008294.20	0.283967	0.352211	0.363822
ENSG00000008394.12	0.362495	0.522003	0.115502
ENSG00000008405.11	0.25655	0.72595	0.0174995
ENSG00000008838.17	0.32419	0.191777	0.484033
ENSG00000008869.11	0.244216	0.535511	0.220272
ENSG00000008952.16	0.182388	0.306679	0.510933
ENSG00000008988.9	0.28219	0.420194	0.297615
ENSG00000009307.15	0.218799	0.497995	0.283206
ENSG00000009335.17	0.1678	0.340893	0.491307
ENSG00000009413.15	0.171369	0.440782	0.38785
ENSG00000009844.15	0.203565	0.523722	0.272712
ENSG00000009954.10	0.212387	0.197677	0.589936
ENSG00000010017.12	0.162289	0.433535	0.404175
ENSG00000010244.16	0.203203	0.557893	0.238904
ENSG00000010270.13	0.246032	0.436521	0.317447
ENSG00000010278.11	0.333276	0.391673	0.275051
ENSG00000010404.17	0.247181	0.668261	0.0845576
ENSG00000010626.14	0.357892	0.354265	0.287844
ENSG00000010803.16	0.21074	0.406811	0.382449
ENSG00000010818.8	0.115895	0.319036	0.565068
ENSG00000011028.13	0.551095	0.428399	0.0205064
ENSG00000011105.11	0.350976	0.424075	0.224949
ENSG00000011114.14	0.216857	0.294233	0.48891
ENSG00000011198.7	0.207428	0.586891	0.205681
ENSG00000011243.17	0.202337	0.145234	0.652429
ENSG00000011258.15	0.272665	0.381674	0.34566
ENSG00000011260.13	0.226018	0.543589	0.230392
ENSG00000011275.18	0.199312	0.247439	0.553249
ENSG00000011295.15	0.271445	0.584067	0.144488
ENSG00000011304.17	0.244057	0.271165	0.484778
ENSG00000011376.9	0.289805	0.36288	0.347315
ENSG00000011405.13	0.258503	0.332117	0.40938
ENSG00000011422.11	0.420333	0.541822	0.0378453
ENSG00000011454.16	0.215608	0.451459	0.332933
ENSG00000011485.14	0.26675	0.257942	0.475308
ENSG00000011566.14	0.2425	0.653418	0.104082
ENSG00000012061.15	0.319021	0.37591	0.305069
ENSG00000012174.11	0.310247	0.542878	0.146874
ENSG00000012660.13	0.203351	0.397224	0.399425
ENSG00000012983.11	0.252019	0.581013	0.166968
ENSG00000013275.7	0.49043	0.207877	0.301694
ENSG00000013364.18	0.447198	0.385613	0.167189
ENSG00000013374.15	0.213042	0.357927	0.429031
ENSG00000013375.15	0.139826	0.573442	0.286732
ENSG00000013441.15	0.248784	0.465272	0.285944
ENSG00000013503.9	0.204956	0.484542	0.310502
ENSG00000013561.17	0.253604	0.537439	0.208957
ENSG00000013588.5	0.64866	0.344416	0.00692398
ENSG00000014164.6	0.239561	0.398795	0.361644
ENSG00000014641.17	0.296874	0.42126	0.281866
ENSG00000014824.13	0.211697	0.519693	0.26861
ENSG00000015153.14	0.25965	0.362763	0.377587
ENSG00000015171.18	0.297125	0.624469	0.0784056
ENSG00000015475.18	0.243279	0.4184	0.338321
ENSG00000015676.17	0.200822	0.487041	0.312137
ENSG00000017260.19	0.150435	0.344664	0.504901
ENSG00000018189.12	0.187994	0.335928	0.476078
ENSG00000018236.14	0.267321	0.726286	0.00639262
ENSG00000018408.14	0.372525	0.611107	0.0163677
ENSG00000018510.12	0.218428	0.589439	0.192133
ENSG00000018699.11	0.245612	0.462799	0.29159
ENSG00000019186.9	0.354439	0.645455	0.000106134
ENSG00000019995.6	0.254832	0.416787	0.328381
ENSG00000020256.19	0.378034	0.315386	0.30658
ENSG00000020426.10	0.249558	0.488122	0.26232
ENSG00000020577.13	0.332715	0.638198	0.0290868
ENSG00000020922.12	0.174339	0.493842	0.331819
ENSG00000021355.12	0.289321	0.70794	0.00273895
ENSG00000021574.11	0.406014	0.266431	0.327554
ENSG00000021762.19	0.268009	0.698391	0.0335998
ENSG00000021776.10	0.230794	0.575139	0.194067
ENSG00000021826.14	0.311004	0.645073	0.0439233
ENSG00000022277.12	0.248952	0.370778	0.38027
ENSG00000022567.9	0.248372	0.626813	0.124815
ENSG00000022840.15	0.259906	0.326279	0.413815
ENSG00000022976.15	0.256295	0.273433	0.470272
ENSG00000023041.11	0.189651	0.518355	0.291994
ENSG00000023171.14	0.493237	0.490205	0.0165587
ENSG00000023191.16	0.265168	0.458524	0.276308
ENSG00000023287.12	0.217779	0.501531	0.28069
ENSG00000023318.7	0.193909	0.421009	0.385081
ENSG00000023608.4	0.322695	0.555064	0.12224
ENSG00000023697.12	0.219693	0.49533	0.284977
ENSG00000023734.10	0.171745	0.629577	0.198678
ENSG00000023839.10	0.344037	0.65301	0.00295357
ENSG00000023909.9	0.166599	0.800973	0.0324286
ENSG00000024048.10	0.208499	0.350911	0.44059
ENSG00000024422.11	0.598946	0.399767	0.00128632
ENSG00000025293.15	0.297585	0.164994	0.537421
ENSG00000025772.7	0.208908	0.451516	0.339576
ENSG00000025796.13	0.177043	0.276389	0.546568
ENSG00000025800.13	0.258707	0.166202	0.575091
ENSG00000026025.13	0.552117	0.442327	0.00555674
ENSG00000026508.16	0.346693	0.650778	0.00252866
ENSG00000027001.9	0.222147	0.45743	0.320423
ENSG00000027075.13	0.327128	0.627563	0.0453085
ENSG00000027697.12	0.186689	0.573174	0.240137
ENSG00000028116.16	0.240447	0.630413	0.129141
ENSG00000028203.17	0.278159	0.540237	0.181605
ENSG00000028310.17	0.155361	0.682297	0.162342
ENSG00000028528.14	0.228441	0.380724	0.390835
ENSG00000029363.15	0.157306	0.663459	0.179235
ENSG00000029364.11	0.249474	0.423159	0.327367
ENSG00000029639.10	0.232602	0.403228	0.36417
ENSG00000029725.16	0.277364	0.312593	0.410043
ENSG00000030066.13	0.24739	0.48286	0.26975
ENSG00000031003.10	0.231002	0.409604	0.359394
ENSG00000031698.12	0.256632	0.200296	0.543072
ENSG00000031823.14	0.147459	0.193252	0.659289
ENSG00000032389.12	0.226158	0.525162	0.24868
ENSG00000032742.17	0.237651	0.544505	0.217844
ENSG00000033030.13	0.273244	0.2696	0.457156
ENSG00000033170.16	0.198307	0.433485	0.368208
ENSG00000033178.12	0.219625	0.421375	0.359
ENSG00000033327.12	0.277903	0.489505	0.232592
ENSG00000033627.14	0.324218	0.483163	0.192619
ENSG00000033800.13	0.170675	0.428113	0.401212
ENSG00000033867.16	0.209455	0.53893	0.251615
ENSG00000034053.14	0.326305	0.636311	0.0373845
ENSG00000034152.18	0.226042	0.588786	0.185172
ENSG00000034510.5	0.578197	0.143649	0.278154
ENSG00000034677.11	0.181998	0.617684	0.200318
ENSG00000035115.21	0.222197	0.616585	0.161218
ENSG00000035403.16	0.430028	0.492593	0.0773786
ENSG00000035681.7	0.202173	0.497403	0.300423
ENSG00000035687.9	0.177835	0.509964	0.312202
ENSG00000035862.12	0.575261	0.380568	0.0441711
ENSG00000036054.12	0.194255	0.575982	0.229762
ENSG00000036257.12	0.192066	0.517763	0.290171
ENSG00000036549.12	0.208343	0.518811	0.272846
ENSG00000037042.8	0.231957	0.727617	0.0404267
ENSG00000037241.7	0.479612	0.277037	0.24335
ENSG00000037474.14	0.21743	0.436301	0.346269
ENSG00000037637.10	0.141752	0.0821744	0.776073
ENSG00000038219.12	0.293067	0.474887	0.232046
ENSG00000038382.17	0.274516	0.519466	0.206017
ENSG00000038427.15	0.299939	0.692263	0.00779829
ENSG00000038532.14	0.148037	0.210529	0.641434
ENSG00000039123.15	0.23934	0.491734	0.268925
ENSG00000039319.16	0.310791	0.508931	0.180277
ENSG00000039560.13	0.418404	0.578597	0.00299889
ENSG00000039650.9	0.281704	0.433571	0.284725
ENSG00000040341.17	0.2274	0.43153	0.341071
ENSG00000040933.15	0.238262	0.39125	0.370488
ENSG00000041353.9	0.264391	0.703621	0.031988
ENSG00000041802.10	0.176601	0.439	0.384399
ENSG00000042088.13	0.166452	0.347754	0.485794
ENSG00000042286.14	0.229606	0.573373	0.197021
ENSG00000042317.16	0.265718	0.597159	0.137123
ENSG00000042753.11	0.349894	0.287085	0.363021
ENSG00000043143.20	0.257271	0.36251	0.380219
ENSG00000043514.15	0.175402	0.261876	0.562723
ENSG00000044115.20	0.394291	0.513743	0.0919668
ENSG00000044446.11	0.242612	0.408469	0.348918
ENSG00000044459.14	0.252412	0.611512	0.136076
ENSG00000044574.7	0.405752	0.342759	0.251489
ENSG00000046647.13	0.224616	0.508723	0.26666
ENSG00000046651.14	0.214623	0.580569	0.204808
ENSG00000047056.14	0.166928	0.359884	0.473188
ENSG00000047188.15	0.223178	0.659306	0.117517
ENSG00000047230.14	0.271733	0.395529	0.332738
ENSG00000047249.16	0.211673	0.384126	0.404202
ENSG00000047315.14	0.288486	0.293526	0.417988
ENSG00000047346.12	0.127327	0.4168	0.455874
ENSG00000047410.13	0.286253	0.514643	0.199104
ENSG00000047578.12	0.356666	0.354497	0.288837
ENSG00000047579.19	0.178982	0.300485	0.520533
ENSG00000047621.11	0.1754	0.48589	0.338709
ENSG00000047644.17	0.320659	0.642242	0.0370994
ENSG00000047849.21	0.388744	0.339949	0.271307
ENSG00000047932.13	0.259166	0.482847	0.257987
ENSG00000048342.15	0.299259	0.657687	0.043054
ENSG00000048392.11	0.296414	0.577397	0.126189
ENSG00000048405.9	0.175414	0.341006	0.48358
ENSG00000048471.13	0.16279	0.194149	0.643061
ENSG00000048649.13	0.231765	0.35821	0.410025
ENSG00000048707.13	0.190743	0.390128	0.41913
ENSG00000048828.16	0.218661	0.376715	0.404624
ENSG00000048991.16	0.201489	0.35763	0.440881
ENSG00000049130.13	0.18676	0.804448	0.0087921
ENSG00000049167.13	0.235821	0.550633	0.213546
ENSG00000049323.15	0.266808	0.459884	0.273308
ENSG00000049449.8	0.317545	0.630409	0.0520465
ENSG00000049618.21	0.194164	0.370918	0.434918
ENSG00000049656.13	0.228508	0.484535	0.286957
ENSG00000049759.16	0.196089	0.467413	0.336498
ENSG00000049860.13	0.292292	0.422451	0.285257
ENSG00000050130.17	0.279205	0.63179	0.0890051
ENSG00000050426.15	0.317605	0.345923	0.336472
ENSG00000050748.17	0.28461	0.438082	0.277308
ENSG00000050820.16	0.239651	0.531364	0.228985
ENSG00000051108.14	0.160641	0.448088	0.391271
ENSG00000051382.8	0.243298	0.351511	0.40519
ENSG00000051523.10	0.157384	0.236127	0.606489
ENSG00000051825.14	0.20865	0.180861	0.610489
ENSG00000052126.14	0.308443	0.668027	0.0235299
ENSG00000052749.13	0.303121	0.339906	0.356973
ENSG00000052841.14	0.185133	0.478385	0.336482
ENSG00000053108.16	0.389188	0.563382	0.0474303
ENSG00000053254.15	0.222395	0.369698	0.407907
ENSG00000053747.15	0.217827	0.768238	0.0139352
ENSG00000053900.10	0.153401	0.552022	0.294577
ENSG00000054118.13	0.280269	0.194869	0.524862
ENSG00000054267.20	0.225019	0.328859	0.446122
ENSG00000054277.12	0.239646	0.548952	0.211402
ENSG00000054282.15	0.212395	0.616416	0.171189
ENSG00000054392.12	0.333057	0.616972	0.0499715
ENSG00000054611.13	0.140578	0.286085	0.573337
ENSG00000054793.13	0.392679	0.585811	0.0215099
ENSG00000054965.10	0.207845	0.248971	0.543184
ENSG00000055044.10	0.203473	0.302716	0.493811
ENSG00000055070.16	0.224234	0.158351	0.617414
ENSG00000055130.15	0.187138	0.319377	0.493486
ENSG00000055163.18	0.0953058	0.217106	0.687589
ENSG00000055208.17	0.226724	0.36857	0.404706
ENSG00000055483.19	0.229802	0.475972	0.294226
ENSG00000055609.17	0.141251	0.230825	0.627924
ENSG00000055917.15	0.237555	0.453503	0.308942
ENSG00000056097.15	0.287545	0.33211	0.380344
ENSG00000056277.15	0.247053	0.566176	0.186771
ENSG00000056586.15	0.257232	0.353395	0.389373
ENSG00000057019.15	0.389825	0.592073	0.0181022
ENSG00000057608.16	0.250254	0.28937	0.460376
ENSG00000057657.14	0.241752	0.739131	0.0191169
ENSG00000057663.12	0.175103	0.484819	0.340079
ENSG00000057935.13	0.236753	0.335339	0.427908
ENSG00000058063.15	0.115013	0.278702	0.606285
ENSG00000058262.9	0.258465	0.300069	0.441466
ENSG00000058272.16	0.220325	0.49972	0.279955
ENSG00000058453.16	0.032022	0.854559	0.113419
ENSG00000058600.15	0.246965	0.336667	0.416368
ENSG00000058673.15	0.302485	0.278528	0.418987
ENSG00000058866.14	0.385847	0.525185	0.0889673
ENSG00000059145.18	0.318464	0.348645	0.33289
ENSG00000059377.15	0.245037	0.624636	0.130327
ENSG00000059378.12	0.140721	0.337775	0.521503
ENSG00000059573.8	0.217518	0.36405	0.418432
ENSG00000059588.9	0.240272	0.514943	0.244786
ENSG00000059758.7	0.235986	0.402276	0.361738
ENSG00000060138.12	0.146681	0.687019	0.1663
ENSG00000060237.16	0.266196	0.345869	0.387935
ENSG00000060339.13	0.341418	0.199601	0.458981
ENSG00000060688.12	0.183902	0.212877	0.603221
ENSG00000060718.19	0.224508	0.743043	0.0324492
ENSG00000060749.14	0.283352	0.320885	0.395763
ENSG00000060762.18	0.0835432	0.473997	0.44246
ENSG00000061273.17	0.343059	0.465955	0.190986
ENSG00000061676.14	0.334625	0.657472	0.00790309
ENSG00000061794.12	0.255821	0.401451	0.342727
ENSG00000061936.9	0.183474	0.449124	0.367402
ENSG00000061987.14	0.191392	0.492845	0.315763
ENSG00000062194.15	0.246794	0.346754	0.406452
ENSG00000062485.18	0.209286	0.119672	0.671042
ENSG00000062650.17	0.27625	0.371826	0.351924
ENSG00000062716.10	0.285212	0.538446	0.176342
ENSG00000062725.9	0.312133	0.443859	0.244007
ENSG00000063046.17	0.286166	0.300624	0.413211
ENSG00000063127.15	0.32433	0.461099	0.214571
ENSG00000063169.10	0.485711	0.0127677	0.501521
ENSG00000063177.12	0.37465	0.274589	0.350762
ENSG00000063244.12	0.313082	0.264801	0.422117
ENSG00000063322.13	0.334597	0.487519	0.177884
ENSG00000063601.16	0.184883	0.373798	0.441319
ENSG00000063660.8	0.33807	0.583157	0.078773
ENSG00000063761.15	0.310709	0.408689	0.280602
ENSG00000063978.15	0.220249	0.159351	0.620399
ENSG00000064012.21	0.346759	0.448554	0.204687
ENSG00000064042.17	0.368459	0.627356	0.00418425
ENSG00000064102.14	0.240624	0.408102	0.351274
ENSG00000064115.10	0.231932	0.555403	0.212665
ENSG00000064313.11	0.215605	0.388939	0.395456
ENSG00000064393.15	0.319306	0.65124	0.0294539
ENSG00000064419.13	0.199234	0.303372	0.497393
ENSG00000064489.22	0.168733	0.0837003	0.747567
ENSG00000064651.13	0.195039	0.683422	0.12154
ENSG00000064652.10	0.384121	0.463915	0.151964
ENSG00000064655.18	0.327302	0.641679	0.0310183
ENSG00000064666.14	0.358555	0.193529	0.447916
ENSG00000064726.9	0.250315	0.431374	0.31831
ENSG00000064932.15	0.279586	0.412283	0.308131
ENSG00000064933.16	0.230259	0.467263	0.302477
ENSG00000064999.13	0.216683	0.377101	0.406216
ENSG00000065000.15	0.283378	0.219975	0.496647
ENSG00000065150.18	0.199999	0.171649	0.628352
ENSG00000065154.11	0.257546	0.435063	0.307391
ENSG00000065243.18	0.19515	0.37397	0.43088
ENSG00000065427.14	0.304837	0.30468	0.390483
ENSG00000065485.17	0.207423	0.338742	0.453835
ENSG00000065491.8	0.24913	0.291475	0.459394
ENSG00000065518.7	0.171631	0.581246	0.247123
ENSG00000065534.18	0.337292	0.622561	0.0401466
ENSG00000065548.17	0.244567	0.478391	0.277042
ENSG00000065559.14	0.23451	0.665933	0.0995562
ENSG00000065613.13	0.290038	0.4861	0.223862
ENSG00000065665.20	0.233693	0.438581	0.327726
ENSG00000065809.13	0.193782	0.451067	0.355152
ENSG00000065833.8	0.259007	0.733882	0.00711156
ENSG00000065883.14	0.180151	0.311345	0.508504
ENSG00000065911.11	0.30913	0.472763	0.218106
ENSG00000065923.9	0.258074	0.42038	0.321545
ENSG00000065978.17	0.18479	0.367396	0.447814
ENSG00000066027.11	0.20815	0.330676	0.461175
ENSG00000066032.18	0.30713	0.582891	0.109978
ENSG00000066044.13	0.205776	0.208769	0.585455
ENSG00000066084.12	0.264654	0.336234	0.399113
ENSG00000066135.12	0.241024	0.367992	0.390985
ENSG00000066136.19	0.243569	0.268376	0.488055
ENSG00000066422.4	0.279493	0.398537	0.32197
ENSG00000066455.12	0.285656	0.424065	0.290279
ENSG00000066557.5	0.171179	0.369278	0.459544
ENSG00000066629.16	0.360521	0.605781	0.0336985
ENSG00000066651.17	0.201442	0.573086	0.225472
ENSG00000066697.14	0.193263	0.726947	0.0797907
ENSG00000066777.8	0.232623	0.519175	0.248203
ENSG00000066827.15	0.152128	0.343605	0.504266
ENSG00000066855.15	0.323868	0.291762	0.38437
ENSG00000066926.10	0.244673	0.516246	0.239081
ENSG00000066933.15	0.257431	0.557922	0.184647
ENSG00000067048.16	0.299472	0.657692	0.0428366
ENSG00000067057.16	0.334883	0.416361	0.248756
ENSG00000067064.10	0.117329	0.312538	0.570133
ENSG00000067066.16	0.208055	0.469132	0.322813
ENSG00000067082.14	0.249679	0.693308	0.0570136
ENSG00000067113.16	0.245253	0.5556	0.199147
ENSG00000067141.16	0.317987	0.490023	0.191991
ENSG00000067167.7	0.325906	0.594248	0.0798458
ENSG00000067177.14	0.267184	0.711067	0.0217494
ENSG00000067182.7	0.480425	0.407298	0.112277
ENSG00000067208.14	0.273777	0.386015	0.340207
ENSG00000067225.17	0.389983	0.243679	0.366337
ENSG00000067248.9	0.279788	0.559165	0.161047
ENSG00000067560.10	0.410271	0.184847	0.404882
ENSG00000067606.15	0.188294	0.421103	0.390603
ENSG00000067704.9	0.393021	0.351109	0.255869
ENSG00000067715.13	0.324246	0.662153	0.0136011
ENSG00000067798.13	0.268384	0.685866	0.0457504
ENSG00000067829.18	0.242731	0.540117	0.217153
ENSG00000067900.7	0.209683	0.3542	0.436117
ENSG00000067955.13	0.209065	0.283274	0.507661
ENSG00000067992.12	0.0894173	0.232285	0.678298
ENSG00000068024.16	0.212161	0.589481	0.198358
ENSG00000068097.14	0.31887	0.593967	0.0871632
ENSG00000068305.17	0.108957	0.27158	0.619464
ENSG00000068308.13	0.310755	0.40522	0.284025
ENSG00000068366.19	0.307613	0.339187	0.3532
ENSG00000068383.18	0.083527	0.232424	0.684049
ENSG00000068400.13	0.320071	0.342203	0.337726
ENSG00000068650.18	0.128675	0.316626	0.554699
ENSG00000068654.15	0.316871	0.403362	0.279767
ENSG00000068697.6	0.398181	0.411496	0.190323
ENSG00000068724.15	0.259143	0.356266	0.384591
ENSG00000068745.14	0.395627	0.370805	0.233568
ENSG00000068784.12	0.229651	0.525252	0.245096
ENSG00000068796.16	0.225582	0.308296	0.466122
ENSG00000068878.14	0.191866	0.493663	0.314471
ENSG00000068885.14	0.0576565	0.89076	0.0515838
ENSG00000068912.13	0.316489	0.375205	0.308306
ENSG00000069020.18	0.22857	0.706611	0.0648186
ENSG00000069248.11	0.226823	0.388153	0.385024
ENSG00000069275.12	0.281769	0.377043	0.341188
ENSG00000069399.12	0.432973	0.421553	0.145474
ENSG00000069424.14	0.118196	0.242642	0.639163
ENSG00000069667.15	0.275274	0.70002	0.0247059
ENSG00000069702.10	0.316264	0.643858	0.0398784
ENSG00000069849.10	0.174094	0.305517	0.520388
ENSG00000069869.15	0.335391	0.636606	0.0280026
ENSG00000069943.9	0.248313	0.425017	0.32667
ENSG00000069956.11	0.426986	0.346026	0.226988
ENSG00000069966.18	0.258519	0.61069	0.130791
ENSG00000069974.15	0.283836	0.505045	0.211119
ENSG00000070018.8	0.293251	0.570338	0.136411
ENSG00000070047.11	0.214457	0.248853	0.53669
ENSG00000070061.14	0.221197	0.536573	0.24223
ENSG00000070159.13	0.310121	0.664978	0.024901
ENSG00000070214.15	0.238776	0.506682	0.254543
ENSG00000070269.13	0.207678	0.636186	0.156136
ENSG00000070366.13	0.41395	0.366997	0.219053
ENSG00000070371.15	0.385016	0.538652	0.0763321
ENSG00000070404.9	0.398506	0.571026	0.0304681
ENSG00000070413.18	0.1615	0.221266	0.617234
ENSG00000070444.14	0.275099	0.590702	0.134199
ENSG00000070476.14	0.176975	0.56223	0.260795
ENSG00000070501.11	0.191341	0.465618	0.34304
ENSG00000070540.12	0.218065	0.61117	0.170766
ENSG00000070614.14	0.424717	0.443578	0.131705
ENSG00000070669.16	0.195895	0.423174	0.38093
ENSG00000070756.13	0.254774	0.420175	0.325051
ENSG00000070770.8	0.219329	0.298295	0.482376
ENSG00000070778.12	0.345352	0.635568	0.0190802
ENSG00000070785.16	0.204412	0.163584	0.632003
ENSG00000070831.15	0.240225	0.338394	0.421381
ENSG00000070882.12	0.190901	0.329477	0.479622
ENSG00000070950.9	0.27654	0.417406	0.306054
ENSG00000070961.15	0.214024	0.627625	0.158351
ENSG00000071051.13	0.242379	0.400956	0.356665
ENSG00000071054.16	0.242249	0.469364	0.288387
ENSG00000071082.10	0.285422	0.314953	0.399625
ENSG00000071127.16	0.284399	0.387502	0.328099
ENSG00000071189.21	0.135883	0.458794	0.405323
ENSG00000071205.11	0.324841	0.621519	0.0536397
ENSG00000071282.11	0.271138	0.724486	0.00437582
ENSG00000071462.11	0.249935	0.369414	0.380651
ENSG00000071537.13	0.267075	0.434748	0.298177
ENSG00000071626.16	0.184375	0.28439	0.531236
ENSG00000071794.15	0.174737	0.342872	0.482391
ENSG00000071859.14	0.511932	0.274201	0.213868
ENSG00000071894.14	0.371132	0.175253	0.453615
ENSG00000071967.11	0.231779	0.345127	0.423094
ENSG00000072110.13	0.417873	0.578228	0.00389881
ENSG00000072133.10	0.250854	0.745197	0.00394868
ENSG00000072134.15	0.387254	0.391004	0.221742
ENSG00000072135.12	0.229476	0.572312	0.198212
ENSG00000072210.18	0.26829	0.701276	0.0304344
ENSG00000072274.12	0.0833178	0.0784747	0.838208
ENSG00000072310.16	0.384121	0.411053	0.204826
ENSG00000072364.12	0.302333	0.401942	0.295725
ENSG00000072401.14	0.209774	0.628885	0.161341
ENSG00000072415.8	0.295921	0.577564	0.126515
ENSG00000072422.16	0.24079	0.735723	0.0234864
ENSG00000072518.20	0.267414	0.145968	0.586618
ENSG00000072609.17	0.266427	0.452212	0.281361
ENSG00000072736.18	0.257909	0.285354	0.456736
ENSG00000072756.16	0.203984	0.487508	0.308508
ENSG00000072778.19	0.436176	0.306243	0.257581
ENSG00000072803.17	0.237746	0.293118	0.469136
ENSG00000072840.12	0.336961	0.642097	0.020942
ENSG00000073008.14	0.494084	0.495805	0.0101105
ENSG00000073050.11	0.284382	0.368235	0.347383
ENSG00000073060.15	0.202025	0.261681	0.536294
ENSG00000073169.13	0.155695	0.278123	0.566182
ENSG00000073282.12	0.0725041	0.22747	0.700026
ENSG00000073331.17	0.221585	0.482292	0.296122
ENSG00000073350.13	0.264961	0.585948	0.149091
ENSG00000073417.14	0.266287	0.586394	0.147318
ENSG00000073578.16	0.239893	0.322773	0.437334
ENSG00000073584.18	0.231866	0.574194	0.19394
ENSG00000073614.11	0.22337	0.4284	0.348229
ENSG00000073712.14	0.406582	0.587763	0.00565558
ENSG00000073792.15	0.210661	0.248367	0.540971
ENSG00000073803.13	0.276754	0.518835	0.204411
ENSG00000073849.14	0.0549329	0.104457	0.84061
ENSG00000073921.17	0.207217	0.461646	0.331137
ENSG00000073969.18	0.182424	0.393343	0.424233
ENSG00000074047.20	0.400662	0.596162	0.00317512
ENSG00000074054.17	0.243866	0.379547	0.376586
ENSG00000074201.8	0.282263	0.405433	0.312305
ENSG00000074211.13	0.316939	0.655498	0.0275631
ENSG00000074219.13	0.434673	0.530352	0.0349749
ENSG00000074266.17	0.212775	0.437225	0.349999
ENSG00000074319.12	0.273409	0.471718	0.254873
ENSG00000074410.13	0.251183	0.747616	0.00120114
ENSG00000074416.13	0.364482	0.575984	0.0595342
ENSG00000074527.11	0.284188	0.710301	0.0055107
ENSG00000074590.13	0.378138	0.612764	0.00909823
ENSG00000074603.18	0.264479	0.283646	0.451876
ENSG00000074657.13	0.238296	0.467851	0.293853
ENSG00000074695.5	0.139342	0.282242	0.578417
ENSG00000074696.12	0.229349	0.268177	0.502474
ENSG00000074755.14	0.267906	0.605647	0.126447
ENSG00000074800.13	0.283103	0.202052	0.514845
ENSG00000074842.7	0.197977	0.205209	0.596815
ENSG00000074935.13	0.168216	0.577456	0.254328
ENSG00000074964.16	0.314804	0.618022	0.067174
ENSG00000075089.9	0.241136	0.440894	0.31797
ENSG00000075131.9	0.26734	0.149387	0.583273
ENSG00000075151.20	0.224194	0.319692	0.456114
ENSG00000075188.8	0.263235	0.406405	0.33036
ENSG00000075213.10	0.197716	0.740588	0.061696
ENSG00000075223.13	0.330422	0.666746	0.00283151
ENSG00000075240.16	0.152993	0.306529	0.540478
ENSG00000075275.16	0.357967	0.626445	0.015588
ENSG00000075292.18	0.209194	0.583005	0.207801
ENSG00000075391.16	0.373954	0.608888	0.0171577
ENSG00000075413.17	0.238299	0.246764	0.514937
ENSG00000075415.12	0.368342	0.359765	0.271893
ENSG00000075420.12	0.272703	0.558651	0.168646
ENSG00000075426.11	0.443409	0.553247	0.00334473
ENSG00000075461.5	0.344821	0.640206	0.0149732
ENSG00000075539.13	0.165563	0.354978	0.479459
ENSG00000075568.16	0.17136	0.423923	0.404717
ENSG00000075618.17	0.551112	0.442586	0.00630235
ENSG00000075624.13	0.561132	0.0825224	0.356346
ENSG00000075651.15	0.238256	0.616694	0.14505
ENSG00000075711.20	0.119966	0.206578	0.673456
ENSG00000075785.12	0.199926	0.271972	0.528101
ENSG00000075856.11	0.22606	0.326956	0.446984
ENSG00000075914.12	0.247727	0.424834	0.327439
ENSG00000075945.12	0.219011	0.519252	0.261737
ENSG00000076043.9	0.323233	0.539092	0.137675
ENSG00000076067.11	0.505196	0.312228	0.182576
ENSG00000076242.14	0.241905	0.389325	0.36877
ENSG00000076321.10	0.186298	0.38944	0.424262
ENSG00000076554.15	0.213307	0.233072	0.553621
ENSG00000076604.14	0.215443	0.270901	0.513657
ENSG00000076650.6	0.38648	0.26438	0.34914
ENSG00000076685.18	0.285599	0.492829	0.221572
ENSG00000076864.19	0.166874	0.76908	0.0640466
ENSG00000076928.17	0.285405	0.368478	0.346117
ENSG00000076944.14	0.121191	0.730171	0.148638
ENSG00000077044.9	0.332481	0.470463	0.197057
ENSG00000077092.18	0.305689	0.660042	0.0342692
ENSG00000077097.13	0.172914	0.341085	0.486002
ENSG00000077147.14	0.228422	0.525535	0.246043
ENSG00000077157.21	0.215705	0.454879	0.329416
ENSG00000077235.17	0.292583	0.377046	0.330371
ENSG00000077254.14	0.199211	0.454391	0.346398
ENSG00000077312.8	0.340233	0.224711	0.435056
ENSG00000077348.8	0.369212	0.292193	0.338595
ENSG00000077380.15	0.280834	0.535851	0.183316
ENSG00000077514.8	0.192146	0.362774	0.44508
ENSG00000077549.17	0.23278	0.291388	0.475832
ENSG00000077585.13	0.170186	0.502872	0.326942
ENSG00000077684.15	0.288656	0.595508	0.115837
ENSG00000077713.18	0.382831	0.305515	0.311653
ENSG00000077721.15	0.236486	0.559953	0.203561
ENSG00000077782.19	0.374977	0.55267	0.0723534
ENSG00000078018.19	0.176203	0.747306	0.0764913
ENSG00000078043.15	0.13685	0.397055	0.466095
ENSG00000078070.11	0.117015	0.209606	0.67338
ENSG00000078114.18	0.292579	0.693304	0.0141165
ENSG00000078124.11	0.261147	0.480212	0.258641
ENSG00000078140.13	0.206716	0.237956	0.555328
ENSG00000078142.11	0.191204	0.512301	0.296495
ENSG00000078237.6	0.354041	0.373542	0.272416
ENSG00000078246.15	0.269428	0.220726	0.509846
ENSG00000078269.13	0.206542	0.647535	0.145923
ENSG00000078304.19	0.127468	0.21672	0.655812
ENSG00000078319.8	0.167501	0.148628	0.683871
ENSG00000078369.17	0.174185	0.109737	0.716078
ENSG00000078401.6	0.301669	0.690729	0.00760252
ENSG00000078403.16	0.272638	0.371833	0.355528
ENSG00000078618.19	0.236831	0.458467	0.304702
ENSG00000078668.13	0.222271	0.438264	0.339464
ENSG00000078674.17	0.238565	0.517081	0.244353
ENSG00000078699.21	0.280078	0.280569	0.439352
ENSG00000078747.12	0.256782	0.341466	0.401752
ENSG00000078902.15	0.189087	0.434232	0.376681
ENSG00000079134.11	0.14912	0.331115	0.519766
ENSG00000079246.15	0.237641	0.453065	0.309293
ENSG00000079277.19	0.250962	0.404595	0.344442
ENSG00000079308.16	0.421867	0.543167	0.0349659
ENSG00000079332.14	0.218419	0.472232	0.309349
ENSG00000079335.18	0.19067	0.369274	0.440056
ENSG00000079459.12	0.0739483	0.12297	0.803081
ENSG00000079482.12	0.286172	0.6958	0.018028
ENSG00000079691.17	0.225493	0.495722	0.278786
ENSG00000079739.15	0.225876	0.469329	0.304795
ENSG00000079785.14	0.219332	0.5312	0.249468
ENSG00000079805.16	0.189771	0.206833	0.603396
ENSG00000079819.16	0.233673	0.320549	0.445777
ENSG00000079974.17	0.219176	0.607308	0.173516
ENSG00000080189.14	0.228809	0.462454	0.308737
ENSG00000080298.15	0.205784	0.528691	0.265525
ENSG00000080345.17	0.274788	0.356202	0.36901
ENSG00000080503.20	0.200685	0.42542	0.373894
ENSG00000080546.13	0.209854	0.442254	0.347892
ENSG00000080561.13	0.40862	0.573265	0.0181144
ENSG00000080608.9	0.290178	0.501077	0.208744
ENSG00000080802.18	0.170735	0.324496	0.504768
ENSG00000080815.18	0.380929	0.424126	0.194945
ENSG00000080822.16	0.147434	0.576027	0.276538
ENSG00000080823.21	0.3308	0.346393	0.322807
ENSG00000080824.18	0.357814	0.207786	0.4344
ENSG00000080845.17	0.324973	0.252431	0.422596
ENSG00000081014.10	0.266233	0.492656	0.241111
ENSG00000081026.18	0.234405	0.479075	0.28652
ENSG00000081041.8	0.420255	0.579745	0
ENSG00000081052.11	0.231066	0.733807	0.0351267
ENSG00000081154.11	0.277378	0.469169	0.253453
ENSG00000081307.12	0.114718	0.430716	0.454566
ENSG00000081377.16	0.454885	0.531294	0.0138208
ENSG00000081791.8	0.193911	0.527114	0.278974
ENSG00000081870.11	0.155106	0.300436	0.544458
ENSG00000081913.13	0.13951	0.228063	0.632428
ENSG00000081923.10	0.464774	0.51959	0.0156361
ENSG00000082068.8	0.269866	0.421375	0.308759
ENSG00000082074.15	0.229729	0.717644	0.052627
ENSG00000082258.12	0.1941	0.48823	0.317669
ENSG00000082269.16	0.190146	0.336975	0.472879
ENSG00000082512.14	0.212991	0.363036	0.423973
ENSG00000082701.14	0.274163	0.497024	0.228813
ENSG00000082781.11	0.357744	0.62887	0.0133854
ENSG00000082805.19	0.226665	0.333342	0.439992
ENSG00000082898.16	0.256948	0.283562	0.45949
ENSG00000082996.19	0.252664	0.379679	0.367657
ENSG00000083123.14	0.162877	0.352168	0.484955
ENSG00000083168.9	0.27281	0.327459	0.399731
ENSG00000083223.17	0.2484	0.50158	0.25002
ENSG00000083290.19	0.412626	0.579468	0.00790658
ENSG00000083312.17	0.269931	0.593646	0.136423
ENSG00000083535.15	0.153354	0.311437	0.535208
ENSG00000083544.13	0.182419	0.391129	0.426453
ENSG00000083642.18	0.162171	0.29872	0.539109
ENSG00000083750.12	0.225331	0.657263	0.117406
ENSG00000083828.15	0.228189	0.117249	0.654562
ENSG00000083845.8	0.383661	0.275382	0.340957
ENSG00000083857.13	0.349182	0.646395	0.00442372
ENSG00000083896.12	0.151391	0.583554	0.265055
ENSG00000083937.8	0.237199	0.699158	0.0636432
ENSG00000084090.13	0.263706	0.216155	0.520139
ENSG00000084112.14	0.358987	0.499317	0.141696
ENSG00000084207.15	0.490361	0.347018	0.162621
ENSG00000084234.16	0.286821	0.249918	0.463261
ENSG00000084623.11	0.357324	0.171812	0.470864
ENSG00000084676.15	0.227647	0.465699	0.306654
ENSG00000084731.13	0.593492	0.336753	0.0697554
ENSG00000084733.10	0.375943	0.425001	0.199056
ENSG00000084754.10	0.324015	0.326571	0.349414
ENSG00000084764.10	0.29801	0.487897	0.214093
ENSG00000085063.14	0.374293	0.558854	0.0668528
ENSG00000085224.20	0.265851	0.436883	0.297266
ENSG00000085365.17	0.250091	0.452967	0.296942
ENSG00000085377.13	0.229033	0.38685	0.384117
ENSG00000085382.11	0.13882	0.365674	0.495507
ENSG00000085449.14	0.326547	0.404948	0.268504
ENSG00000085491.15	0.355716	0.630934	0.0133504
ENSG00000085511.19	0.131324	0.425961	0.442716
ENSG00000085514.15	0.233524	0.396697	0.369779
ENSG00000085662.13	0.447771	0.466337	0.0858921
ENSG00000085719.11	0.310944	0.634843	0.0542127
ENSG00000085721.12	0.243134	0.545151	0.211715
ENSG00000085733.15	0.421336	0.552051	0.0266129
ENSG00000085760.14	0.311655	0.467795	0.220551
ENSG00000085788.13	0.271883	0.395203	0.332914
ENSG00000085832.16	0.182269	0.302347	0.515385
ENSG00000085871.8	0.375172	0.601046	0.0237821
ENSG00000085978.21	0.318272	0.446169	0.235559
ENSG00000085982.13	0.240983	0.753018	0.00599869
ENSG00000086015.20	0.260804	0.384207	0.35499
ENSG00000086061.15	0.332039	0.351631	0.316329
ENSG00000086062.12	0.381625	0.375323	0.243052
ENSG00000086065.13	0.323736	0.441058	0.235206
ENSG00000086102.18	0.25804	0.376085	0.365875
ENSG00000086200.16	0.250065	0.382149	0.367786
ENSG00000086232.12	0.295901	0.296082	0.408017
ENSG00000086289.11	0.331071	0.618267	0.0506619
ENSG00000086475.14	0.207816	0.344865	0.44732
ENSG00000086589.11	0.248561	0.500909	0.25053
ENSG00000086598.10	0.351885	0.305985	0.34213
ENSG00000086666.18	0.235464	0.52166	0.242876
ENSG00000086712.12	0.261019	0.25489	0.484091
ENSG00000086758.15	0.31139	0.43886	0.24975
ENSG00000087008.15	0.168596	0.31814	0.513265
ENSG00000087053.18	0.196566	0.509677	0.293757
ENSG00000087074.7	0.414899	0.462293	0.122808
ENSG00000087076.8	0.584788	0.19027	0.224943
ENSG00000087086.13	0.68511	0.217687	0.0972037
ENSG00000087088.19	0.440878	0.435121	0.124001
ENSG00000087095.12	0.231416	0.478503	0.290081
ENSG00000087157.18	0.284933	0.319593	0.395474
ENSG00000087206.16	0.243257	0.37717	0.379573
ENSG00000087269.15	0.203644	0.315566	0.48079
ENSG00000087274.16	0.261155	0.348458	0.390387
ENSG00000087338.4	0.209834	0.34536	0.444805
ENSG00000087460.23	0.203012	0.211758	0.58523
ENSG00000087470.17	0.280428	0.37108	0.348493
ENSG00000087502.17	0.188783	0.510939	0.300279
ENSG00000087842.10	0.262671	0.729541	0.00778763
ENSG00000087884.14	0.341692	0.292332	0.365977
ENSG00000087903.12	0.166145	0.327644	0.506211
ENSG00000088002.11	0.605014	0.311417	0.0835692
ENSG00000088179.8	0.211113	0.553288	0.235599
ENSG00000088205.12	0.257127	0.536162	0.206711
ENSG00000088298.12	0.373395	0.393644	0.232961
ENSG00000088367.20	0.374448	0.597437	0.0281153
ENSG00000088387.17	0.227206	0.401195	0.371599
ENSG00000088448.14	0.134781	0.292925	0.572294
ENSG00000088538.12	0.364981	0.598462	0.0365562
ENSG00000088682.13	0.239901	0.476497	0.283602
ENSG00000088766.11	0.220377	0.551216	0.228407
ENSG00000088808.16	0.218838	0.23059	0.550573
ENSG00000088812.17	0.316647	0.551456	0.131897
ENSG00000088826.17	0.456061	0.536527	0.00741181
ENSG00000088832.14	0.462832	0.171963	0.365205
ENSG00000088833.17	0.248856	0.464289	0.286855
ENSG00000088854.12	0.364939	0.62644	0.00862109
ENSG00000088881.20	0.358689	0.589955	0.0513563
ENSG00000088888.17	0.368145	0.293608	0.338247
ENSG00000088930.7	0.208316	0.630656	0.161028
ENSG00000088970.15	0.190298	0.502945	0.306758
ENSG00000088992.17	0.139309	0.223158	0.637533
ENSG00000089006.16	0.172363	0.410282	0.417355
ENSG00000089009.15	0.333381	0.316991	0.349628
ENSG00000089048.14	0.305085	0.447661	0.247254
ENSG00000089053.12	0.221671	0.260056	0.518273
ENSG00000089057.14	0.228503	0.43362	0.337877
ENSG00000089063.14	0.399876	0.336059	0.264065
ENSG00000089091.16	0.261916	0.561887	0.176198
ENSG00000089123.15	0.219312	0.476044	0.304644
ENSG00000089154.10	0.345686	0.280551	0.373763
ENSG00000089157.15	0.34128	0.321431	0.337288
ENSG00000089159.15	0.494529	0.33956	0.165911
ENSG00000089177.17	0.286841	0.606036	0.107123
ENSG00000089248.6	0.260271	0.245931	0.493799
ENSG00000089280.18	0.128195	0.690724	0.181082
ENSG00000089289.15	0.24474	0.56519	0.19007
ENSG00000089351.14	0.291446	0.589468	0.119086
ENSG00000089597.16	0.320663	0.155222	0.524115
ENSG00000089682.16	0.294767	0.635315	0.069918
ENSG00000089876.11	0.309598	0.684713	0.00568907
ENSG00000089902.9	0.238139	0.188855	0.573006
ENSG00000089916.17	0.216257	0.522073	0.26167
ENSG00000090013.9	0.394031	0.462438	0.143532
ENSG00000090054.13	0.237793	0.416378	0.345829
ENSG00000090060.17	0.203468	0.506699	0.289833
ENSG00000090061.17	0.197525	0.533618	0.268857
ENSG00000090266.12	0.233065	0.399568	0.367368
ENSG00000090273.13	0.199196	0.143859	0.656945
ENSG00000090372.14	0.274608	0.255544	0.469847
ENSG00000090487.10	0.304643	0.349476	0.34588
ENSG00000090530.9	0.339041	0.641935	0.0190241
ENSG00000090565.15	0.237363	0.318133	0.444504
ENSG00000090581.9	0.308341	0.343084	0.348574
ENSG00000090615.12	0.307019	0.377557	0.315424
ENSG00000090621.13	0.196864	0.401871	0.401265
ENSG00000090686.15	0.164238	0.296822	0.53894
ENSG00000090861.15	0.386285	0.191716	0.421998
ENSG00000090863.11	0.20037	0.223083	0.576547
ENSG00000090905.17	0.231108	0.42811	0.340782
ENSG00000090975.12	0.161008	0.227095	0.611897
ENSG00000090989.17	0.165152	0.574883	0.259965
ENSG00000091039.16	0.149694	0.280608	0.569699
ENSG00000091073.19	0.366257	0.423295	0.210448
ENSG00000091127.13	0.278916	0.276047	0.445037
ENSG00000091129.19	0.269025	0.723882	0.0070928
ENSG00000091136.13	0.303123	0.692552	0.00432469
ENSG00000091140.12	0.229722	0.415845	0.354433
ENSG00000091157.13	0.203972	0.568895	0.227133
ENSG00000091409.14	0.278628	0.481177	0.240195
ENSG00000091436.16	0.273271	0.5228	0.203928
ENSG00000091483.6	0.215985	0.402025	0.38199
ENSG00000091490.10	0.1893	0.421615	0.389085
ENSG00000091527.15	0.227751	0.311644	0.460605
ENSG00000091542.8	0.372483	0.281827	0.34569
ENSG00000091732.15	0.246232	0.134771	0.618998
ENSG00000091844.7	0.223765	0.767862	0.00837343
ENSG00000091947.9	0.215401	0.476657	0.307942
ENSG00000092020.10	0.265218	0.393241	0.341541
ENSG00000092108.20	0.178816	0.532212	0.288972
ENSG00000092140.14	0.197839	0.414813	0.387348
ENSG00000092148.12	0.274597	0.393818	0.331585
ENSG00000092199.17	0.195468	0.446473	0.35806
ENSG00000092439.13	0.323869	0.402726	0.273405
ENSG00000092621.11	0.157028	0.188301	0.654671
ENSG00000092820.17	0.19921	0.413797	0.386994
ENSG00000092841.18	0.432703	0.376017	0.191279
ENSG00000092871.16	0.511771	0.469234	0.0189955
ENSG00000092931.11	0.283199	0.299963	0.416838
ENSG00000092964.16	0.427423	0.500633	0.0719439
ENSG00000092969.11	0.321439	0.673497	0.00506408
ENSG00000092978.10	0.272979	0.557062	0.169959
ENSG00000093010.11	0.235707	0.183331	0.580962
ENSG00000093144.18	0.168	0.519791	0.312209
ENSG00000093167.17	0.242578	0.529623	0.227799
ENSG00000093217.9	0.369952	0.610872	0.0191763
ENSG00000094841.13	0.21436	0.516757	0.268883
ENSG00000094975.13	0.1682	0.473602	0.358198
ENSG00000095002.12	0.16329	0.154276	0.682433
ENSG00000095059.15	0.289121	0.355262	0.355617
ENSG00000095203.14	0.382858	0.575691	0.0414513
ENSG00000095261.13	0.218833	0.396307	0.38486
ENSG00000095383.19	0.325425	0.551956	0.122619
ENSG00000095397.13	0.342641	0.608863	0.0484959
ENSG00000095485.16	0.438112	0.202302	0.359586
ENSG00000095564.13	0.176384	0.390393	0.433222
ENSG00000095739.10	0.235826	0.705831	0.0583434
ENSG00000095752.6	0.606872	0.380569	0.0125592
ENSG00000095787.21	0.204416	0.408569	0.387016
ENSG00000095794.19	0.236236	0.567576	0.196188
ENSG00000095951.16	0.226588	0.360821	0.412591
ENSG00000096063.14	0.168642	0.203224	0.628134
ENSG00000096080.11	0.180947	0.262732	0.556322
ENSG00000096384.19	0.365074	0.178939	0.455987
ENSG00000096717.11	0.26843	0.411745	0.319825
ENSG00000096746.17	0.156909	0.670533	0.172559
ENSG00000096872.15	0.318275	0.565169	0.116555
ENSG00000096968.12	0.18144	0.727817	0.0907431
ENSG00000097007.17	0.319844	0.278021	0.402135
ENSG00000097021.19	0.165021	0.123799	0.71118
ENSG00000099139.13	0.257917	0.718903	0.0231803
ENSG00000099194.5	0.406639	0.201995	0.391366
ENSG00000099204.18	0.281813	0.517205	0.200982
ENSG00000099219.13	0.257289	0.542903	0.199808
ENSG00000099246.16	0.255004	0.507061	0.237935
ENSG00000099250.17	0.301619	0.695399	0.00298197
ENSG00000099256.18	0.402432	0.569748	0.0278196
ENSG00000099282.9	0.274526	0.624842	0.100633
ENSG00000099284.13	0.398116	0.569655	0.0322289
ENSG00000099326.8	0.44639	0.329385	0.224225
ENSG00000099331.13	0.235294	0.159183	0.605523
ENSG00000099341.11	0.268214	0.390753	0.341033
ENSG00000099385.11	0.297369	0.182622	0.520009
ENSG00000099622.13	0.178284	0.336744	0.484972
ENSG00000099725.14	0.317665	0.651976	0.0303592
ENSG00000099783.11	0.216132	0.26641	0.517457
ENSG00000099785.10	0.4978	0.200106	0.302094
ENSG00000099795.6	0.289703	0.113368	0.596929
ENSG00000099812.8	0.548476	0.441332	0.0101923
ENSG00000099814.15	0.261974	0.714574	0.0234515
ENSG00000099901.16	0.143949	0.335976	0.520076
ENSG00000099910.16	0.248333	0.257451	0.494215
ENSG00000099917.17	0.266317	0.272328	0.461355
ENSG00000099956.18	0.231012	0.170012	0.598976
ENSG00000099968.17	0.259672	0.293848	0.446481
ENSG00000099991.16	0.207248	0.250641	0.542111
