ENSG00000000003.14	0.523474	0.466072	0.0104537	protein_coding
ENSG00000000005.5	0.381179	0.363816	0.255005	protein_coding
ENSG00000000419.12	0.225377	0.339204	0.435418	protein_coding
ENSG00000000457.13	0.187529	0.47382	0.338651	protein_coding
ENSG00000000460.16	0.209142	0.247465	0.543394	protein_coding
ENSG00000000938.12	0.00646508	0	0.993535	protein_coding
ENSG00000000971.15	0.15399	0.80914	0.0368695	protein_coding
ENSG00000001036.13	0.231048	0.75482	0.014132	protein_coding
ENSG00000001084.10	0.200724	0.735231	0.0640446	protein_coding
ENSG00000001167.14	0.260434	0.292633	0.446933	protein_coding
ENSG00000001460.17	0.300774	0.482067	0.21716	protein_coding
ENSG00000001461.16	0.236552	0.434553	0.328895	protein_coding
ENSG00000001497.16	0.261047	0.364555	0.374398	protein_coding
ENSG00000001561.6	0.172011	0.248912	0.579077	protein_coding
ENSG00000001617.11	0.435934	0.451822	0.112244	protein_coding
ENSG00000001626.14	0.280533	0.242554	0.476913	protein_coding
ENSG00000001629.9	0.202969	0.417287	0.379744	protein_coding
ENSG00000001630.15	0.405992	0.19375	0.400259	protein_coding
ENSG00000001631.14	0.20615	0.51886	0.27499	protein_coding
ENSG00000002016.16	0.357464	0.274567	0.367969	protein_coding
ENSG00000002330.13	0.263784	0.105241	0.630975	protein_coding
ENSG00000002549.12	0.171482	0.227824	0.600694	protein_coding
ENSG00000002587.9	0.241043	0.671931	0.0870263	protein_coding
ENSG00000002726.19	0.166456	0.0317747	0.80177	protein_coding
ENSG00000002745.12	0.364453	0.0869631	0.548584	protein_coding
ENSG00000002746.14	0.283289	0.680528	0.0361827	protein_coding
ENSG00000002822.15	0.136999	0.277638	0.585362	protein_coding
ENSG00000002834.17	0.311359	0.463185	0.225456	protein_coding
ENSG00000002919.14	0.250101	0.223004	0.526895	protein_coding
ENSG00000002933.7	0.528545	0	0.471455	protein_coding
ENSG00000003056.7	0.271128	0.333672	0.395199	protein_coding
ENSG00000003096.13	0.363077	0.515476	0.121447	protein_coding
ENSG00000003137.8	0.471459	0.408233	0.120308	protein_coding
ENSG00000003147.17	0.238915	0.61616	0.144925	protein_coding
ENSG00000003249.13	0.435431	0.294243	0.270326	protein_coding
ENSG00000003393.14	0.273476	0.566015	0.16051	protein_coding
ENSG00000003400.14	0.288497	0.440067	0.271436	protein_coding
ENSG00000003402.19	0.339104	0.522319	0.138577	protein_coding
ENSG00000003436.14	0.236207	0.752891	0.0109021	protein_coding
ENSG00000003509.15	0.231716	0.506545	0.261738	protein_coding
ENSG00000003756.16	0.250702	0.353004	0.396295	protein_coding
ENSG00000003987.13	0.583409	0.0879213	0.32867	protein_coding
ENSG00000003989.16	0.360017	0.602449	0.0375346	protein_coding
ENSG00000004059.10	0.403503	0.162157	0.434339	protein_coding
ENSG00000004139.13	0.366165	0.469722	0.164113	protein_coding
ENSG00000004142.11	0.407636	0.30078	0.291584	protein_coding
ENSG00000004399.12	0.223883	0.426873	0.349244	protein_coding
ENSG00000004455.16	0.156775	0.238808	0.604417	protein_coding
ENSG00000004468.12	0.0305778	0.070285	0.899137	protein_coding
ENSG00000004478.7	0.20396	0.144849	0.651192	protein_coding
ENSG00000004487.15	0.199714	0.362804	0.437482	protein_coding
ENSG00000004534.14	0.309395	0.273063	0.417542	protein_coding
ENSG00000004660.14	0.284648	0.523535	0.191817	protein_coding
ENSG00000004700.15	0.252042	0.466666	0.281293	protein_coding
ENSG00000004766.15	0.16288	0.500965	0.336156	protein_coding
ENSG00000004776.11	0.0936233	0.23829	0.668087	protein_coding
ENSG00000004777.18	0.10387	0.216983	0.679147	protein_coding
ENSG00000004779.9	0.254283	0.248094	0.497623	protein_coding
ENSG00000004799.7	0.346026	0.650838	0.00313528	protein_coding
ENSG00000004809.13	0.282567	0.0963201	0.621113	protein_coding
ENSG00000004838.13	0.155466	0.544076	0.300458	protein_coding
ENSG00000004846.16	0.283556	0.0487152	0.667729	protein_coding
ENSG00000004848.6	0.497701	0.407169	0.0951305	protein_coding
ENSG00000004864.13	0.203198	0.407098	0.389704	protein_coding
ENSG00000004866.18	0.221069	0.413558	0.365373	protein_coding
ENSG00000004897.11	0.252516	0.426348	0.321136	protein_coding
ENSG00000004939.13	0.575651	0.039245	0.385104	protein_coding
ENSG00000004948.13	0.208734	0.130107	0.661159	protein_coding
ENSG00000004961.14	0.326842	0.414013	0.259145	protein_coding
ENSG00000004975.11	0.372481	0.300507	0.327012	protein_coding
ENSG00000005001.9	0.387198	0.316766	0.296036	protein_coding
ENSG00000005007.12	0.18712	0.22379	0.58909	protein_coding
ENSG00000005020.12	0.222411	0.502488	0.275101	protein_coding
ENSG00000005022.5	0.5103	0.174575	0.315125	protein_coding
ENSG00000005059.15	0.228687	0.162096	0.609216	protein_coding
ENSG00000005073.5	0.419318	0.300163	0.280519	protein_coding
ENSG00000005075.15	0.244438	0.178409	0.577153	protein_coding
ENSG00000005100.12	0.423323	0.300184	0.276494	protein_coding
ENSG00000005102.12	0.293012	0.0699164	0.637071	protein_coding
ENSG00000005108.15	0.219353	0.7593	0.0213461	protein_coding
ENSG00000005156.11	0.259095	0.444855	0.296049	protein_coding
ENSG00000005175.9	0.296415	0.532787	0.170798	protein_coding
ENSG00000005187.11	0.253857	0.333153	0.412991	protein_coding
ENSG00000005189.19	0.240389	0.2695	0.490111	protein_coding
ENSG00000005194.14	0.297295	0.304929	0.397775	protein_coding
ENSG00000005206.16	0.180828	0.322651	0.496521	protein_coding
ENSG00000005238.19	0.274728	0.50671	0.218562	protein_coding
ENSG00000005243.9	0.390781	0.394143	0.215076	protein_coding
ENSG00000005249.12	0.0832623	0.172725	0.744013	protein_coding
ENSG00000005302.17	0.279955	0.395095	0.324951	protein_coding
ENSG00000005339.13	0.262345	0.343205	0.394449	protein_coding
ENSG00000005379.15	0.0428724	0.00595194	0.951176	protein_coding
ENSG00000005381.7	0.352147	0	0.647853	protein_coding
ENSG00000005421.8	0.172775	0.817811	0.00941412	protein_coding
ENSG00000005436.13	0.234097	0.617917	0.147985	protein_coding
ENSG00000005448.16	0.300553	0.193391	0.506057	protein_coding
ENSG00000005469.11	0.199641	0.653211	0.147148	protein_coding
ENSG00000005471.15	0.150415	0.111661	0.737924	protein_coding
ENSG00000005483.19	0.172257	0.290607	0.537135	protein_coding
ENSG00000005486.16	0.312151	0.180098	0.507751	protein_coding
ENSG00000005513.9	0.123997	0.710096	0.165906	protein_coding
ENSG00000005700.14	0.280697	0.550873	0.16843	protein_coding
ENSG00000005801.16	0.24879	0.456348	0.294862	protein_coding
ENSG00000005810.17	0.125873	0.278971	0.595156	protein_coding
ENSG00000005812.10	0.169887	0.369155	0.460958	protein_coding
ENSG00000005844.17	0.107573	0.138911	0.753516	protein_coding
ENSG00000005882.11	0.390364	0.351634	0.258002	protein_coding
ENSG00000005884.17	0.594982	0.381303	0.0237157	protein_coding
ENSG00000005889.15	0.318718	0.419403	0.261879	protein_coding
ENSG00000005893.15	0.330816	0.458482	0.210702	protein_coding
ENSG00000005961.17	0.303811	0.500862	0.195327	protein_coding
ENSG00000005981.12	0.313278	0.325969	0.360753	protein_coding
ENSG00000006007.11	0.280971	0.444956	0.274073	protein_coding
ENSG00000006015.17	0.298939	0.240272	0.460789	protein_coding
ENSG00000006016.10	0.276827	0.194915	0.528258	protein_coding
ENSG00000006025.11	0.247892	0.322065	0.430042	protein_coding
ENSG00000006042.11	0.34351	0.505928	0.150562	protein_coding
ENSG00000006047.12	0.681749	0.216899	0.101352	protein_coding
ENSG00000006059.3	0	0.192104	0.807896	protein_coding
ENSG00000006062.13	0.398426	0.395175	0.206399	protein_coding
ENSG00000006071.11	0.406735	0.540894	0.052371	protein_coding
ENSG00000006116.3	0.277028	0.0101696	0.712802	protein_coding
ENSG00000006118.14	0.491027	0.493416	0.015557	protein_coding
ENSG00000006125.16	0.346073	0.42547	0.228457	protein_coding
ENSG00000006128.11	0.28701	0.136969	0.576021	protein_coding
ENSG00000006194.9	0.280413	0.409248	0.310339	protein_coding
ENSG00000006210.6	0.239307	0.207642	0.553051	protein_coding
ENSG00000006282.20	0.590889	0.348112	0.0609992	protein_coding
ENSG00000006283.17	0.317617	0.625365	0.0570183	protein_coding
ENSG00000006327.13	0.436917	0.543515	0.0195678	protein_coding
ENSG00000006377.10	0.749347	0	0.250653	protein_coding
ENSG00000006432.15	0.317909	0.528626	0.153465	protein_coding
ENSG00000006451.7	0.182738	0.288055	0.529206	protein_coding
ENSG00000006453.13	0.479134	0.507193	0.0136731	protein_coding
ENSG00000006459.10	0.180982	0.423596	0.395422	protein_coding
ENSG00000006468.13	0.238142	0.650468	0.111391	protein_coding
ENSG00000006530.15	0.255287	0.622632	0.12208	protein_coding
ENSG00000006534.15	0.423185	0.568168	0.0086469	protein_coding
ENSG00000006555.10	0.199444	0	0.800556	protein_coding
ENSG00000006576.16	0.130494	0.307458	0.562048	protein_coding
ENSG00000006606.8	0.207375	0.0989647	0.69366	protein_coding
ENSG00000006607.13	0.211776	0.329386	0.458839	protein_coding
ENSG00000006611.15	0.34087	0.500369	0.158761	protein_coding
ENSG00000006625.17	0.186689	0.213823	0.599488	protein_coding
ENSG00000006634.7	0.134481	0.215161	0.650357	protein_coding
ENSG00000006638.11	0.261199	0.0747905	0.66401	protein_coding
ENSG00000006652.13	0.204114	0.592358	0.203528	protein_coding
ENSG00000006659.12	0	0	1	protein_coding
ENSG00000006695.10	0.266646	0.468194	0.26516	protein_coding
ENSG00000006704.10	0.390907	0.348942	0.260151	protein_coding
ENSG00000006712.14	0.421898	0.382547	0.195556	protein_coding
ENSG00000006715.15	0.195878	0.42172	0.382402	protein_coding
ENSG00000006740.16	0.427345	0.48474	0.087915	protein_coding
ENSG00000006744.18	0.373867	0.406849	0.219284	protein_coding
ENSG00000006747.14	0.245103	0.200519	0.554379	protein_coding
ENSG00000006756.15	0.472684	0.513973	0.0133426	protein_coding
ENSG00000006757.11	0.289473	0.655197	0.0553299	protein_coding
ENSG00000006788.12	0.542063	0.0374907	0.420446	protein_coding
ENSG00000006831.9	0.17717	0.232916	0.589914	protein_coding
ENSG00000006837.11	0.210711	0.603337	0.185952	protein_coding
ENSG00000007001.12	0.266439	0.385427	0.348134	protein_coding
ENSG00000007038.10	0.241558	0.0658727	0.69257	protein_coding
ENSG00000007047.14	0.252225	0.287587	0.460188	protein_coding
ENSG00000007062.11	0.25122	0.0765249	0.672255	protein_coding
ENSG00000007080.10	0.30546	0.0981737	0.596367	protein_coding
ENSG00000007129.17	0.120269	0.00551877	0.874213	protein_coding
ENSG00000007168.12	0.347446	0.381491	0.271063	protein_coding
ENSG00000007171.16	0.43745	0.0566135	0.505936	protein_coding
ENSG00000007174.17	0.514095	0.0943613	0.391544	protein_coding
ENSG00000007202.14	0.32138	0.409272	0.269348	protein_coding
ENSG00000007216.14	0.40564	0.0516217	0.542738	protein_coding
ENSG00000007237.18	0.416772	0.417493	0.165736	protein_coding
ENSG00000007255.10	0.254147	0.374603	0.37125	protein_coding
ENSG00000007264.13	0.214039	0.340483	0.445478	protein_coding
ENSG00000007306.14	0.494513	0.0695178	0.435969	protein_coding
ENSG00000007312.12	0	0	1	protein_coding
ENSG00000007314.11	0.134491	0.0631301	0.802379	protein_coding
ENSG00000007341.18	0.379234	0.542837	0.0779284	protein_coding
ENSG00000007350.16	0.455659	0	0.544341	protein_coding
ENSG00000007372.20	0.359615	0.547855	0.0925302	protein_coding
ENSG00000007376.7	0.281188	0.146118	0.572695	protein_coding
ENSG00000007384.15	0.309574	0.489864	0.200562	protein_coding
ENSG00000007392.16	0.275325	0.240188	0.484488	protein_coding
ENSG00000007402.11	0.165285	0.237995	0.596719	protein_coding
ENSG00000007516.13	0.344725	0.170184	0.485091	protein_coding
ENSG00000007520.3	0.36943	0.180219	0.450351	protein_coding
ENSG00000007541.15	0.239851	0.289032	0.471116	protein_coding
ENSG00000007545.15	0.224565	0.282436	0.492999	protein_coding
ENSG00000007866.18	0.376441	0.58869	0.0348694	protein_coding
ENSG00000007908.15	0.254846	0.0972951	0.647859	protein_coding
ENSG00000007923.15	0.202846	0.18389	0.613264	protein_coding
ENSG00000007933.12	0.143098	0.0910535	0.765848	protein_coding
ENSG00000007944.14	0.0842875	0.312726	0.602987	protein_coding
ENSG00000007952.17	0.507027	0.307957	0.185016	protein_coding
ENSG00000007968.6	0.0285866	0.00755571	0.963858	protein_coding
ENSG00000008018.8	0.202681	0.44265	0.354669	protein_coding
ENSG00000008056.12	0.369404	0.352578	0.278018	protein_coding
ENSG00000008083.13	0.274895	0.405247	0.319858	protein_coding
ENSG00000008086.10	0.260251	0.390008	0.349741	protein_coding
ENSG00000008118.9	0.4154	0.0540653	0.530534	protein_coding
ENSG00000008128.22	0.280657	0.215606	0.503737	protein_coding
ENSG00000008130.15	0.0802957	0.0838059	0.835898	protein_coding
ENSG00000008196.12	0.230152	0	0.769848	protein_coding
ENSG00000008197.4	0.276852	0.0440403	0.679107	protein_coding
ENSG00000008226.19	0.288513	0.217735	0.493752	protein_coding
ENSG00000008256.15	0.237669	0.33654	0.425791	protein_coding
ENSG00000008277.14	0.100692	0.260155	0.639154	protein_coding
ENSG00000008282.8	0.174858	0.20534	0.619801	protein_coding
ENSG00000008283.15	0.457137	0.405334	0.137528	protein_coding
ENSG00000008294.20	0.283967	0.352211	0.363822	protein_coding
ENSG00000008300.14	0.443024	0.400335	0.156641	protein_coding
ENSG00000008311.14	0.156311	0.10887	0.734819	protein_coding
ENSG00000008323.15	0.415604	0.275468	0.308928	protein_coding
ENSG00000008324.10	0.216158	0.325267	0.458575	protein_coding
ENSG00000008382.15	0.208254	0.149549	0.642197	protein_coding
ENSG00000008394.12	0.362495	0.522003	0.115502	protein_coding
ENSG00000008405.11	0.25655	0.72595	0.0174995	protein_coding
ENSG00000008438.4	0.295132	0.211267	0.493601	protein_coding
ENSG00000008441.16	0.371134	0.355653	0.273213	protein_coding
ENSG00000008513.14	0.25393	0.317792	0.428278	protein_coding
ENSG00000008516.16	0.326444	0.24926	0.424296	protein_coding
ENSG00000008517.16	0.453579	0.192408	0.354013	protein_coding
ENSG00000008710.17	0.237112	0.235987	0.526901	protein_coding
ENSG00000008735.13	0.156195	0.327148	0.516657	protein_coding
ENSG00000008838.17	0.32419	0.191777	0.484033	protein_coding
ENSG00000008853.16	0.254652	0.251963	0.493384	protein_coding
ENSG00000008869.11	0.244216	0.535511	0.220273	protein_coding
ENSG00000008952.16	0.182388	0.306679	0.510933	protein_coding
ENSG00000008988.9	0.28219	0.420194	0.297616	protein_coding
ENSG00000009307.15	0.218799	0.497995	0.283206	protein_coding
ENSG00000009335.17	0.167801	0.340894	0.491306	protein_coding
ENSG00000009413.15	0.171369	0.440782	0.387849	protein_coding
ENSG00000009694.13	0.386159	0.125557	0.488284	protein_coding
ENSG00000009709.11	0.242621	0.597205	0.160174	protein_coding
ENSG00000009724.16	0.247501	0.187593	0.564906	protein_coding
ENSG00000009765.14	0.236712	0.169447	0.593841	protein_coding
ENSG00000009780.15	0.244568	0.235326	0.520105	protein_coding
ENSG00000009790.14	0.0543663	0	0.945634	protein_coding
ENSG00000009830.11	0.29313	0.483553	0.223318	protein_coding
ENSG00000009844.15	0.203565	0.523724	0.272712	protein_coding
ENSG00000009950.15	0.493176	0.385626	0.121199	protein_coding
ENSG00000009954.10	0.212387	0.197676	0.589936	protein_coding
ENSG00000010017.12	0.162289	0.433535	0.404176	protein_coding
ENSG00000010030.13	0.332132	0.0689138	0.598954	protein_coding
ENSG00000010072.15	0.315412	0.410697	0.273891	protein_coding
ENSG00000010165.19	0.32744	0.286978	0.385582	protein_coding
ENSG00000010219.13	0.167831	0.0359039	0.796265	protein_coding
ENSG00000010244.16	0.203202	0.557894	0.238904	protein_coding
ENSG00000010256.10	0.380278	0.19776	0.421962	protein_coding
ENSG00000010270.13	0.246032	0.436521	0.317447	protein_coding
ENSG00000010278.11	0.333276	0.391673	0.275051	protein_coding
ENSG00000010282.14	0.381179	0.363816	0.255005	protein_coding
ENSG00000010292.12	0.245497	0.116975	0.637528	protein_coding
ENSG00000010295.19	0.0570305	0.0625976	0.880372	protein_coding
ENSG00000010310.8	0.152924	0.101137	0.745939	protein_coding
ENSG00000010318.19	0.277037	0.258607	0.464356	protein_coding
ENSG00000010319.6	0.174527	0.124933	0.70054	protein_coding
ENSG00000010322.15	0.231451	0.33107	0.437479	protein_coding
ENSG00000010327.10	0.0864075	0.219924	0.693668	protein_coding
ENSG00000010361.13	0.198018	0.231952	0.57003	protein_coding
ENSG00000010379.15	0.240396	0.672868	0.0867357	protein_coding
ENSG00000010404.17	0.247181	0.668261	0.0845575	protein_coding
ENSG00000010438.16	0.329163	0.46868	0.202157	protein_coding
ENSG00000010539.11	0.244633	0.29865	0.456717	protein_coding
ENSG00000010610.9	0.300473	0.0782145	0.621313	protein_coding
ENSG00000010626.14	0.357891	0.354266	0.287843	protein_coding
ENSG00000010671.15	0.0287739	0.0357023	0.935524	protein_coding
ENSG00000010704.18	0.391649	0.560714	0.0476379	protein_coding
ENSG00000010803.16	0.21074	0.406811	0.382449	protein_coding
ENSG00000010810.17	0.0936466	0.142662	0.763691	protein_coding
ENSG00000010818.8	0.115895	0.319037	0.565068	protein_coding
ENSG00000010932.15	0.296546	0.0499479	0.653506	protein_coding
ENSG00000011007.12	0.197837	0.193494	0.608669	protein_coding
ENSG00000011009.10	0.192907	0.23015	0.576943	protein_coding
ENSG00000011021.21	0.137907	0.250151	0.611943	protein_coding
ENSG00000011028.13	0.551094	0.4284	0.0205064	protein_coding
ENSG00000011052.21	0.254069	0.432142	0.31379	protein_coding
ENSG00000011083.8	0.442831	0.0469622	0.510207	protein_coding
ENSG00000011105.11	0.350975	0.424076	0.224949	protein_coding
ENSG00000011114.14	0.216858	0.294232	0.488911	protein_coding
ENSG00000011132.11	0.240322	0.0688125	0.690865	protein_coding
ENSG00000011143.16	0.327709	0.557073	0.115218	protein_coding
ENSG00000011198.7	0.207428	0.586891	0.205681	protein_coding
ENSG00000011201.10	0.395451	0.109579	0.49497	protein_coding
ENSG00000011243.17	0.202337	0.145234	0.652429	protein_coding
ENSG00000011258.15	0.272665	0.381675	0.34566	protein_coding
ENSG00000011260.13	0.226019	0.543589	0.230392	protein_coding
ENSG00000011275.18	0.199311	0.247439	0.55325	protein_coding
ENSG00000011295.15	0.271445	0.584067	0.144488	protein_coding
ENSG00000011304.17	0.244057	0.271165	0.484777	protein_coding
ENSG00000011332.19	0.380477	0.189643	0.42988	protein_coding
ENSG00000011347.9	0.228491	0.0454341	0.726075	protein_coding
ENSG00000011376.9	0.289803	0.36288	0.347316	protein_coding
ENSG00000011405.13	0.258503	0.332117	0.40938	protein_coding
ENSG00000011422.11	0.420333	0.541822	0.0378452	protein_coding
ENSG00000011426.10	0.226007	0.115073	0.65892	protein_coding
ENSG00000011451.17	0.190021	0.183816	0.626162	protein_coding
ENSG00000011454.16	0.215608	0.451459	0.332933	protein_coding
ENSG00000011465.16	0.348796	0.076825	0.574379	protein_coding
ENSG00000011478.11	0.279671	0.139663	0.580667	protein_coding
ENSG00000011485.14	0.26675	0.257942	0.475307	protein_coding
ENSG00000011523.13	0.320215	0.429676	0.250109	protein_coding
ENSG00000011566.14	0.2425	0.653418	0.104082	protein_coding
ENSG00000011590.13	0.362033	0.153574	0.484392	protein_coding
ENSG00000011600.11	0	0.416349	0.583651	protein_coding
ENSG00000011638.10	0.236853	0.137605	0.625542	protein_coding
ENSG00000011677.12	0.361466	0.573679	0.0648551	protein_coding
ENSG00000012048.20	0.324079	0.178419	0.497502	protein_coding
ENSG00000012061.15	0.319021	0.37591	0.305069	protein_coding
ENSG00000012124.14	0.00949409	0.00354586	0.98696	protein_coding
ENSG00000012171.17	0.32495	0.621657	0.0533935	protein_coding
ENSG00000012174.11	0.310247	0.542878	0.146875	protein_coding
ENSG00000012211.12	0.350567	0.279039	0.370394	protein_coding
ENSG00000012223.12	0.410943	0.0392225	0.549834	protein_coding
ENSG00000012232.8	0.34731	0.42357	0.22912	protein_coding
ENSG00000012504.13	0.240352	0.639053	0.120595	protein_coding
ENSG00000012660.13	0.203352	0.397223	0.399425	protein_coding
ENSG00000012779.10	0.0081001	0.00927736	0.982623	protein_coding
ENSG00000012817.15	0.315375	0.641671	0.0429545	protein_coding
ENSG00000012822.15	0.355124	0.423686	0.22119	protein_coding
ENSG00000012963.13	0.187392	0.161598	0.65101	protein_coding
ENSG00000012983.11	0.252019	0.581012	0.166969	protein_coding
ENSG00000013016.14	0.455312	0.459219	0.0854694	protein_coding
ENSG00000013275.7	0.490429	0.207877	0.301694	protein_coding
ENSG00000013288.8	0.186279	0.210823	0.602898	protein_coding
ENSG00000013293.5	0.237942	0.0306897	0.731369	protein_coding
ENSG00000013297.10	0.254082	0.187839	0.558079	protein_coding
ENSG00000013306.15	0.346592	0.272815	0.380593	protein_coding
ENSG00000013364.18	0.447198	0.385613	0.167189	protein_coding
ENSG00000013374.15	0.213042	0.357927	0.429031	protein_coding
ENSG00000013375.15	0.139826	0.573443	0.286731	protein_coding
ENSG00000013392.7	0.19897	0.337613	0.463417	protein_coding
ENSG00000013441.15	0.248784	0.465272	0.285943	protein_coding
ENSG00000013503.9	0.204957	0.484541	0.310502	protein_coding
ENSG00000013523.9	0.268721	0.345886	0.385393	protein_coding
ENSG00000013561.17	0.253604	0.537439	0.208957	protein_coding
ENSG00000013563.13	0.275113	0.372456	0.352431	protein_coding
ENSG00000013573.16	0.211549	0.315257	0.473195	protein_coding
ENSG00000013583.8	0.316001	0.465154	0.218845	protein_coding
ENSG00000013588.5	0.64866	0.344417	0.00692398	protein_coding
ENSG00000013619.13	0.539819	0.427316	0.0328643	protein_coding
ENSG00000013725.14	0.16402	0.0313098	0.80467	protein_coding
ENSG00000013810.18	0.148319	0.112296	0.739385	protein_coding
ENSG00000014123.9	0.201387	0.52827	0.270344	protein_coding
ENSG00000014138.8	0.147343	0.10246	0.750196	protein_coding
ENSG00000014164.6	0.239561	0.398795	0.361643	protein_coding
ENSG00000014216.15	0.339531	0.217617	0.442852	protein_coding
ENSG00000014257.15	0.132198	0.0261055	0.841696	protein_coding
ENSG00000014641.17	0.296874	0.42126	0.281866	protein_coding
ENSG00000014824.13	0.211697	0.519694	0.26861	protein_coding
ENSG00000014914.19	0.393243	0.461613	0.145145	protein_coding
ENSG00000014919.12	0.306563	0.346367	0.347071	protein_coding
ENSG00000015133.18	0.117391	0.161143	0.721466	protein_coding
ENSG00000015153.14	0.25965	0.362764	0.377587	protein_coding
ENSG00000015171.18	0.297125	0.62447	0.0784055	protein_coding
ENSG00000015285.10	0.108298	0.129944	0.761758	protein_coding
ENSG00000015413.9	0.342906	0.158968	0.498126	protein_coding
ENSG00000015475.18	0.243279	0.4184	0.338321	protein_coding
ENSG00000015479.17	0.189095	0.495058	0.315847	protein_coding
ENSG00000015520.14	0.318258	0.295662	0.38608	protein_coding
ENSG00000015532.9	0.237482	0.29284	0.469679	protein_coding
ENSG00000015568.12	0.43955	0.4438	0.11665	protein_coding
ENSG00000015592.16	0.340087	0.0998757	0.560037	protein_coding
ENSG00000015676.17	0.200822	0.48704	0.312138	protein_coding
ENSG00000016082.14	0.60629	0.231469	0.162241	protein_coding
ENSG00000016391.10	0.351616	0.606566	0.0418181	protein_coding
ENSG00000016402.13	0.300473	0.0782145	0.621313	protein_coding
ENSG00000016490.15	0.301592	0	0.698408	protein_coding
ENSG00000016602.9	0.346815	0.189153	0.464032	protein_coding
ENSG00000016864.16	0.321404	0.306764	0.371832	protein_coding
ENSG00000017260.19	0.150436	0.344664	0.5049	protein_coding
ENSG00000017427.15	0.410295	0.136211	0.453494	protein_coding
ENSG00000017483.14	0.0162681	0.0232906	0.960441	protein_coding
ENSG00000017797.11	0.150122	0.14785	0.702028	protein_coding
ENSG00000018189.12	0.187994	0.335928	0.476078	protein_coding
ENSG00000018236.14	0.26732	0.726287	0.0063926	protein_coding
ENSG00000018280.16	0.334112	0.267181	0.398707	protein_coding
ENSG00000018408.14	0.372525	0.611108	0.0163676	protein_coding
ENSG00000018510.12	0.218428	0.58944	0.192133	protein_coding
ENSG00000018610.13	0.296898	0.283374	0.419728	protein_coding
ENSG00000018625.14	0.272131	0.259735	0.468134	protein_coding
ENSG00000018699.11	0.245612	0.462799	0.29159	protein_coding
ENSG00000018869.16	0.414433	0.474667	0.1109	protein_coding
ENSG00000019102.11	0.331156	0.225765	0.443079	protein_coding
ENSG00000019144.16	0.41632	0.530219	0.0534608	protein_coding
ENSG00000019169.10	0.425588	0.076163	0.498249	protein_coding
ENSG00000019186.9	0.35444	0.645454	0.000106134	protein_coding
ENSG00000019485.12	0.309189	0.444706	0.246106	protein_coding
ENSG00000019505.7	0.378198	0.545352	0.0764493	protein_coding
ENSG00000019549.8	0.456367	0.463988	0.0796448	protein_coding
ENSG00000019582.14	0.00317911	0.00101143	0.995809	protein_coding
ENSG00000019991.15	0.163279	0.0584408	0.77828	protein_coding
ENSG00000019995.6	0.254832	0.416786	0.328382	protein_coding
ENSG00000020129.15	0.201439	0.16022	0.638341	protein_coding
ENSG00000020181.17	0.286056	0.252766	0.461178	protein_coding
ENSG00000020256.19	0.378034	0.315386	0.30658	protein_coding
ENSG00000020426.10	0.249558	0.488122	0.262321	protein_coding
ENSG00000020577.13	0.332715	0.638198	0.0290869	protein_coding
ENSG00000020633.18	0.0342769	0.0441948	0.921528	protein_coding
ENSG00000020922.12	0.174339	0.493842	0.331818	protein_coding
ENSG00000021300.13	0.404438	0.102181	0.493382	protein_coding
ENSG00000021355.12	0.28932	0.707941	0.00273895	protein_coding
ENSG00000021461.16	0.204041	0.227204	0.568755	protein_coding
ENSG00000021488.12	0.513509	0.446627	0.0398637	protein_coding
ENSG00000021574.11	0.406015	0.266432	0.327553	protein_coding
ENSG00000021645.18	0.369482	0.350512	0.280006	protein_coding
ENSG00000021762.19	0.268009	0.698391	0.0335998	protein_coding
ENSG00000021776.10	0.230793	0.575139	0.194067	protein_coding
ENSG00000021826.14	0.311004	0.645072	0.0439236	protein_coding
ENSG00000021852.12	0.235346	0.0561565	0.708497	protein_coding
ENSG00000022267.16	0.412125	0.547838	0.0400367	protein_coding
ENSG00000022277.12	0.248951	0.370779	0.380269	protein_coding
ENSG00000022355.15	0.311066	0.0523935	0.636541	protein_coding
ENSG00000022556.15	0.251128	0.159999	0.588873	protein_coding
ENSG00000022567.9	0.248373	0.626812	0.124815	protein_coding
ENSG00000022840.15	0.259907	0.326279	0.413814	protein_coding
ENSG00000022976.15	0.256294	0.273434	0.470272	protein_coding
ENSG00000023041.11	0.189651	0.518355	0.291994	protein_coding
ENSG00000023171.14	0.493237	0.490205	0.0165587	protein_coding
ENSG00000023191.16	0.265169	0.458523	0.276308	protein_coding
ENSG00000023228.13	0.292501	0.314282	0.393217	protein_coding
ENSG00000023287.12	0.217779	0.501531	0.280691	protein_coding
ENSG00000023318.7	0.19391	0.421009	0.385081	protein_coding
ENSG00000023330.14	0.372048	0.21268	0.415271	protein_coding
ENSG00000023445.13	0.133534	0.142498	0.723968	protein_coding
ENSG00000023516.8	0.265235	0.326594	0.408172	protein_coding
ENSG00000023572.8	0.264919	0.507866	0.227215	protein_coding
ENSG00000023608.4	0.322695	0.555064	0.122241	protein_coding
ENSG00000023697.12	0.219693	0.495331	0.284976	protein_coding
ENSG00000023734.10	0.171745	0.629576	0.198679	protein_coding
ENSG00000023839.10	0.344036	0.65301	0.00295356	protein_coding
ENSG00000023892.10	0.112579	0.11228	0.775141	protein_coding
ENSG00000023902.13	0.090254	0.103604	0.806142	protein_coding
ENSG00000023909.9	0.166599	0.800973	0.0324287	protein_coding
ENSG00000024048.10	0.208499	0.35091	0.440591	protein_coding
ENSG00000024422.11	0.598946	0.399768	0.00128632	protein_coding
ENSG00000024526.16	0.695629	0.193238	0.111133	protein_coding
ENSG00000024862.16	0.24049	0.387758	0.371753	protein_coding
ENSG00000025039.14	0.0528962	0.0559945	0.891109	protein_coding
ENSG00000025156.12	0.161454	0.280489	0.558057	protein_coding
ENSG00000025293.15	0.297585	0.164994	0.537421	protein_coding
ENSG00000025423.11	0.111505	0.0736796	0.814815	protein_coding
ENSG00000025434.18	0.242311	0.247303	0.510386	protein_coding
ENSG00000025708.13	0.30439	0.424099	0.271511	protein_coding
ENSG00000025770.18	0.177641	0.179572	0.642788	protein_coding
ENSG00000025772.7	0.208908	0.451517	0.339576	protein_coding
ENSG00000025796.13	0.177043	0.276389	0.546568	protein_coding
ENSG00000025800.13	0.258707	0.166203	0.575091	protein_coding
ENSG00000026025.13	0.552117	0.442326	0.00555674	protein_coding
ENSG00000026036.21	0.331701	0.542849	0.12545	protein_coding
ENSG00000026103.19	0.267583	0.513422	0.218995	protein_coding
ENSG00000026297.15	0.0692959	0.142613	0.788091	protein_coding
ENSG00000026508.16	0.346693	0.650779	0.00252865	protein_coding
ENSG00000026559.13	0.679767	0.278973	0.04126	protein_coding
ENSG00000026652.13	0.177384	0.347944	0.474672	protein_coding
ENSG00000026751.16	0.136208	0.134818	0.728974	protein_coding
ENSG00000026950.16	0.122397	0.272585	0.605018	protein_coding
ENSG00000027001.9	0.222146	0.457431	0.320423	protein_coding
ENSG00000027075.13	0.327128	0.627563	0.0453085	protein_coding
ENSG00000027644.4	0.248381	0.0592668	0.692352	protein_coding
ENSG00000027697.12	0.186689	0.573174	0.240137	protein_coding
ENSG00000027847.13	0.231987	0.321181	0.446832	protein_coding
ENSG00000027869.11	0.540463	0.350385	0.109151	protein_coding
ENSG00000028116.16	0.240447	0.630411	0.129141	protein_coding
ENSG00000028137.16	0.0426204	0.00530597	0.952074	protein_coding
ENSG00000028203.17	0.278159	0.540236	0.181605	protein_coding
ENSG00000028277.20	0.0875316	0.0489302	0.863538	protein_coding
ENSG00000028310.17	0.155361	0.682297	0.162342	protein_coding
ENSG00000028528.14	0.228442	0.380724	0.390834	protein_coding
ENSG00000028839.9	0.166125	0.459686	0.374189	protein_coding
ENSG00000029153.14	0.3731	0.538451	0.0884483	protein_coding
ENSG00000029363.15	0.157306	0.663459	0.179235	protein_coding
ENSG00000029364.11	0.249473	0.423159	0.327368	protein_coding
ENSG00000029534.19	0.308372	0.457745	0.233884	protein_coding
ENSG00000029559.6	0	0	1	protein_coding
ENSG00000029639.10	0.232603	0.403228	0.364169	protein_coding
ENSG00000029725.16	0.277364	0.312593	0.410043	protein_coding
ENSG00000029993.14	0.320418	0.564895	0.114687	protein_coding
ENSG00000030066.13	0.24739	0.482861	0.269749	protein_coding
ENSG00000030110.12	0.200595	0.224279	0.575126	protein_coding
ENSG00000030304.13	0.333472	0.220349	0.446179	protein_coding
ENSG00000030419.16	0.0246246	0.0670125	0.908363	protein_coding
ENSG00000030582.16	0.401622	0.11979	0.478588	protein_coding
ENSG00000031003.10	0.231002	0.409604	0.359393	protein_coding
ENSG00000031081.10	0.230917	0.361702	0.407381	protein_coding
ENSG00000031691.6	0.156247	0.213371	0.630382	protein_coding
ENSG00000031698.12	0.256631	0.200296	0.543072	protein_coding
ENSG00000031823.14	0.147459	0.193252	0.659289	protein_coding
ENSG00000032219.18	0.275395	0.414332	0.310273	protein_coding
ENSG00000032389.12	0.226158	0.525161	0.24868	protein_coding
ENSG00000032444.15	0.390744	0.214058	0.395199	protein_coding
ENSG00000032742.17	0.237651	0.544505	0.217844	protein_coding
ENSG00000033011.11	0.301041	0.231786	0.467173	protein_coding
ENSG00000033030.13	0.273244	0.2696	0.457156	protein_coding
ENSG00000033050.7	0.278507	0.247654	0.473839	protein_coding
ENSG00000033100.14	0.187945	0.17342	0.638634	protein_coding
ENSG00000033122.18	0.0488848	0.0068043	0.944311	protein_coding
ENSG00000033170.16	0.198307	0.433485	0.368208	protein_coding
ENSG00000033178.12	0.219625	0.421374	0.359	protein_coding
ENSG00000033327.12	0.277903	0.489505	0.232592	protein_coding
ENSG00000033627.14	0.324218	0.483163	0.192619	protein_coding
ENSG00000033800.13	0.170675	0.428113	0.401212	protein_coding
ENSG00000033867.16	0.209456	0.538928	0.251616	protein_coding
ENSG00000034053.14	0.326305	0.63631	0.0373846	protein_coding
ENSG00000034152.18	0.226042	0.588787	0.185172	protein_coding
ENSG00000034239.10	0.150711	0.39558	0.453709	protein_coding
ENSG00000034510.5	0.578197	0.143649	0.278154	protein_coding
ENSG00000034533.11	0.134869	0.411091	0.45404	protein_coding
ENSG00000034677.11	0.181998	0.617684	0.200318	protein_coding
ENSG00000034693.14	0.153459	0.350828	0.495713	protein_coding
ENSG00000034713.7	0.174954	0.140052	0.684994	protein_coding
ENSG00000034971.14	0.199444	0	0.800556	protein_coding
ENSG00000035115.21	0.222197	0.616586	0.161217	protein_coding
ENSG00000035141.7	0.311778	0.360368	0.327854	protein_coding
ENSG00000035403.16	0.430028	0.492593	0.0773788	protein_coding
ENSG00000035499.12	0.304587	0.200187	0.495227	protein_coding
ENSG00000035664.11	0.353714	0.525518	0.120769	protein_coding
ENSG00000035681.7	0.202174	0.497404	0.300422	protein_coding
ENSG00000035687.9	0.177835	0.509964	0.312201	protein_coding
ENSG00000035720.7	0.00881912	0	0.991181	protein_coding
ENSG00000035862.12	0.575262	0.380567	0.0441711	protein_coding
ENSG00000035928.14	0.163637	0.299735	0.536629	protein_coding
ENSG00000036054.12	0.194255	0.575982	0.229763	protein_coding
ENSG00000036257.12	0.192066	0.517763	0.290171	protein_coding
ENSG00000036448.9	0.305554	0.47431	0.220136	protein_coding
ENSG00000036530.8	0.149657	0.0535649	0.796778	protein_coding
ENSG00000036549.12	0.208344	0.51881	0.272846	protein_coding
ENSG00000036565.14	0.471078	0.0562026	0.472719	protein_coding
ENSG00000036672.15	0.241717	0.182537	0.575746	protein_coding
ENSG00000036828.13	0.354731	0.0233499	0.621919	protein_coding
ENSG00000037042.8	0.231956	0.727617	0.0404267	protein_coding
ENSG00000037241.7	0.479612	0.277038	0.24335	protein_coding
ENSG00000037280.15	0.510262	0.320517	0.169221	protein_coding
ENSG00000037474.14	0.21743	0.436301	0.346269	protein_coding
ENSG00000037637.10	0.141752	0.0821741	0.776074	protein_coding
ENSG00000037749.11	0.26668	0.270589	0.462731	protein_coding
ENSG00000037757.13	0.234278	0.0956054	0.670116	protein_coding
ENSG00000037897.16	0.327116	0.457173	0.215711	protein_coding
ENSG00000037965.5	0.581978	0.343863	0.0741595	protein_coding
ENSG00000038002.8	0.235989	0.577433	0.186578	protein_coding
ENSG00000038210.12	0.14652	0.163957	0.689523	protein_coding
ENSG00000038219.12	0.293067	0.474888	0.232045	protein_coding
ENSG00000038274.16	0.327272	0.257301	0.415428	protein_coding
ENSG00000038295.7	0.336057	0.440742	0.223201	protein_coding
ENSG00000038358.14	0.33149	0.127741	0.54077	protein_coding
ENSG00000038382.17	0.274516	0.519467	0.206017	protein_coding
ENSG00000038427.15	0.299939	0.692263	0.00779828	protein_coding
ENSG00000038532.14	0.148037	0.210529	0.641434	protein_coding
ENSG00000038945.14	0.367754	0.295582	0.336664	protein_coding
ENSG00000039068.18	0.521848	0.441633	0.0365197	protein_coding
ENSG00000039123.15	0.23934	0.491734	0.268926	protein_coding
ENSG00000039139.9	0.135322	0.83913	0.025548	protein_coding
ENSG00000039319.16	0.310792	0.508931	0.180278	protein_coding
ENSG00000039523.17	0.164164	0.110656	0.72518	protein_coding
ENSG00000039537.13	0.241802	0.244364	0.513835	protein_coding
ENSG00000039560.13	0.418403	0.578598	0.00299888	protein_coding
ENSG00000039600.10	0.255001	0.343603	0.401396	protein_coding
ENSG00000039650.9	0.281704	0.433571	0.284725	protein_coding
ENSG00000039987.6	0.535536	0.0786373	0.385827	protein_coding
ENSG00000040199.18	0.271426	0.370194	0.35838	protein_coding
ENSG00000040275.16	0.378964	0.358713	0.262323	protein_coding
ENSG00000040341.17	0.2274	0.431529	0.341071	protein_coding
ENSG00000040487.12	0.284267	0.350365	0.365368	protein_coding
ENSG00000040531.14	0.394883	0.39041	0.214706	protein_coding
ENSG00000040608.13	0.233449	0.454202	0.31235	protein_coding
ENSG00000040633.12	0.583215	0.175687	0.241098	protein_coding
ENSG00000040731.10	0.273085	0.508577	0.218338	protein_coding
ENSG00000040933.15	0.238262	0.39125	0.370488	protein_coding
ENSG00000041353.9	0.264391	0.703621	0.031988	protein_coding
ENSG00000041357.15	0.378409	0.316321	0.305271	protein_coding
ENSG00000041515.15	0.264044	0.207849	0.528107	protein_coding
ENSG00000041802.10	0.176601	0.439001	0.384399	protein_coding
ENSG00000041880.14	0.543704	0.29236	0.163936	protein_coding
ENSG00000041982.15	0.315322	0.473732	0.210947	protein_coding
ENSG00000041988.15	0.186867	0.131946	0.681187	protein_coding
ENSG00000042062.11	0.40398	0.0504496	0.54557	protein_coding
ENSG00000042088.13	0.166452	0.347754	0.485794	protein_coding
ENSG00000042286.14	0.229606	0.573373	0.197021	protein_coding
ENSG00000042304.10	0.339785	0.0540512	0.606164	protein_coding
ENSG00000042317.16	0.265718	0.597159	0.137123	protein_coding
ENSG00000042429.10	0.209496	0.414929	0.375575	protein_coding
ENSG00000042445.13	0.38183	0.372913	0.245257	protein_coding
ENSG00000042493.15	0.47063	0.284489	0.244881	protein_coding
ENSG00000042753.11	0.349894	0.287085	0.363022	protein_coding
ENSG00000042781.12	0.314273	0.0549923	0.630735	protein_coding
ENSG00000042813.7	0.264764	0.0145232	0.720713	protein_coding
ENSG00000042832.11	0.244341	0.631354	0.124305	protein_coding
ENSG00000042980.12	0.155337	0.415132	0.429531	protein_coding
ENSG00000043039.6	0.315387	0.0215015	0.663112	protein_coding
ENSG00000043093.13	0.209397	0.287786	0.502817	protein_coding
ENSG00000043143.20	0.25727	0.36251	0.38022	protein_coding
ENSG00000043355.10	0.532076	0.432912	0.0350118	protein_coding
ENSG00000043462.11	0.283942	0.0301121	0.685946	protein_coding
ENSG00000043514.15	0.175401	0.261876	0.562723	protein_coding
ENSG00000043591.5	0.629979	0.370021	0	protein_coding
ENSG00000044012.3	0	0	1	protein_coding
ENSG00000044090.8	0.389179	0.36613	0.244691	protein_coding
ENSG00000044115.20	0.394291	0.513743	0.0919665	protein_coding
ENSG00000044446.11	0.242612	0.40847	0.348918	protein_coding
ENSG00000044459.14	0.252412	0.611513	0.136075	protein_coding
ENSG00000044524.10	0.420387	0.0573198	0.522293	protein_coding
ENSG00000044574.7	0.405752	0.342758	0.25149	protein_coding
ENSG00000046604.12	0.451081	0.539383	0.00953669	protein_coding
ENSG00000046647.13	0.224616	0.508723	0.26666	protein_coding
ENSG00000046651.14	0.214623	0.580569	0.204808	protein_coding
ENSG00000046653.14	0.372921	0.142374	0.484705	protein_coding
ENSG00000046889.18	0.261843	0.0454393	0.692718	protein_coding
ENSG00000047056.14	0.166928	0.359885	0.473187	protein_coding
ENSG00000047188.15	0.223178	0.659306	0.117516	protein_coding
ENSG00000047230.14	0.271734	0.395528	0.332738	protein_coding
ENSG00000047249.16	0.211673	0.384126	0.404201	protein_coding
ENSG00000047315.14	0.288485	0.293527	0.417988	protein_coding
ENSG00000047346.12	0.127326	0.416799	0.455874	protein_coding
ENSG00000047365.11	0.0921728	0.232055	0.675772	protein_coding
ENSG00000047410.13	0.286253	0.514643	0.199103	protein_coding
ENSG00000047457.13	0.163171	0.751213	0.0856158	protein_coding
ENSG00000047578.12	0.356665	0.354496	0.288838	protein_coding
ENSG00000047579.19	0.178981	0.300485	0.520533	protein_coding
ENSG00000047597.5	0.253069	0.107352	0.639579	protein_coding
ENSG00000047617.14	0.230451	0.0394258	0.730123	protein_coding
ENSG00000047621.11	0.1754	0.485891	0.338709	protein_coding
ENSG00000047634.14	0.193596	0.788192	0.0182128	protein_coding
ENSG00000047644.17	0.320659	0.642241	0.0370994	protein_coding
ENSG00000047648.21	0.384614	0.192776	0.422609	protein_coding
ENSG00000047662.4	0.32443	0.106777	0.568793	protein_coding
ENSG00000047849.21	0.388744	0.339949	0.271307	protein_coding
ENSG00000047932.13	0.259165	0.482847	0.257987	protein_coding
ENSG00000047936.10	0.50096	0.187842	0.311198	protein_coding
ENSG00000048028.11	0.232008	0.336218	0.431774	protein_coding
ENSG00000048052.21	0.0693058	0.175609	0.755085	protein_coding
ENSG00000048140.17	0.301479	0.447364	0.251157	protein_coding
ENSG00000048162.19	0.255565	0.213243	0.531192	protein_coding
ENSG00000048342.15	0.299258	0.657688	0.0430539	protein_coding
ENSG00000048392.11	0.296414	0.577397	0.126189	protein_coding
ENSG00000048405.9	0.175414	0.341005	0.483581	protein_coding
ENSG00000048462.10	0	0	1	protein_coding
ENSG00000048471.13	0.16279	0.194149	0.643061	protein_coding
ENSG00000048540.14	0.214597	0.189066	0.596337	protein_coding
ENSG00000048544.5	0.253358	0.298206	0.448437	protein_coding
ENSG00000048545.13	0.354535	0.0712392	0.574226	protein_coding
ENSG00000048649.13	0.231764	0.358209	0.410026	protein_coding
ENSG00000048707.13	0.190743	0.390128	0.41913	protein_coding
ENSG00000048740.17	0.0995076	0.0811752	0.819317	protein_coding
ENSG00000048828.16	0.21866	0.376715	0.404624	protein_coding
ENSG00000048991.16	0.201488	0.35763	0.440881	protein_coding
ENSG00000049089.13	0.196566	0.0144317	0.789002	protein_coding
ENSG00000049130.13	0.18676	0.804448	0.00879211	protein_coding
ENSG00000049167.13	0.235821	0.550633	0.213546	protein_coding
ENSG00000049192.14	0.17291	0.299299	0.527791	protein_coding
ENSG00000049239.12	0.315136	0.379084	0.30578	protein_coding
ENSG00000049245.12	0.293414	0.272679	0.433907	protein_coding
ENSG00000049246.14	0.228403	0.544998	0.2266	protein_coding
ENSG00000049247.13	0.0789999	0.0754014	0.845599	protein_coding
ENSG00000049249.8	0.224989	0.252636	0.522376	protein_coding
ENSG00000049283.17	0.37114	0.261826	0.367034	protein_coding
ENSG00000049323.15	0.266808	0.459884	0.273307	protein_coding
ENSG00000049449.8	0.317545	0.630409	0.0520464	protein_coding
ENSG00000049540.16	0.269442	0.0884024	0.642155	protein_coding
ENSG00000049541.10	0.0897626	0.071395	0.838842	protein_coding
ENSG00000049618.21	0.194164	0.370918	0.434918	protein_coding
